500
16 0
0 15
0 1
1 2
2 3
3 4
4 5
5 6
6 7
7 8
8 9
9 10
10 11
11 12
12 13
13 14
14 15
16 16
16 0
0 15
0 1
1 2
2 3
3 4
4 5
5 6
6 7
7 8
8 9
9 10
10 11
11 12
12 13
14 15
16 16
16 0
0 15
0 1
0 2
0 3
0 4
0 5
0 6
0 7
1 7
1 8
1 9
1 10
1 11
1 12
1 13
2 11
2 12
2 13
2 14
14 15
16 16
16 0
0 15
0 1
0 2
0 3
0 4
0 5
0 6
0 7
1 7
1 8
1 9
1 10
1 11
1 12
1 13
2 11
2 12
2 13
2 14
16 16
16 0
6 1
0 5
0 4
0 6
0 2
1 3
1 0
1 7
1 4
2 5
2 6
2 7
2 4
3 7
3 5
3 2
3 6
3 0
6 5
6 4
6 1
16 16
16 1
0 5
0 5
0 2
0 3
0 4
0 6
1 6
1 7
3 6
3 1
3 4
3 5
3 7
4 5
4 1
4 6
5 2
5 7
5 1
6 5
6 7
7 2
16 16
16 2
3 4
1 4
1 0
1 6
1 3
2 1
2 5
2 0
2 3
3 6
3 7
4 7
4 3
7 0
16 16
16 3
6 1
0 4
0 1
0 7
0 3
0 5
0 6
1 5
2 7
2 4
2 1
2 5
2 6
2 0
3 6
3 1
3 4
3 5
3 2
4 5
4 6
4 1
5 7
6 5
7 3
16 16
16 4
3 6
0 2
0 4
0 7
1 4
1 0
3 7
3 4
3 5
3 6
3 1
4 2
4 5
5 2
5 1
6 2
6 1
6 0
6 5
6 7
7 4
7 5
16 16
16 5
4 2
0 6
0 5
1 6
1 5
1 2
1 7
1 0
2 4
2 6
3 2
3 7
3 0
3 6
3 1
4 7
4 5
4 3
5 3
5 7
16 16
16 6
6 4
0 2
0 7
2 6
2 5
2 7
2 4
2 3
3 1
3 0
3 7
3 6
5 7
5 6
5 1
6 4
6 0
7 6
7 1
16 16
16 7
5 2
0 4
0 3
0 1
2 0
2 6
2 7
2 3
2 4
7 0
7 4
16 16
16 8
3 1
0 7
0 6
1 4
2 3
2 5
2 0
2 7
4 6
4 7
4 0
5 6
6 7
7 3
7 1
16 16
16 9
2 0
0 5
0 1
0 2
0 6
0 7
0 3
1 5
1 4
1 3
1 2
2 6
2 3
4 6
6 3
6 5
16 16
16 10
0 5
0 5
0 1
0 6
0 3
0 7
0 2
1 4
1 6
1 2
2 7
2 4
3 2
3 5
3 6
3 7
4 5
4 3
4 6
4 0
5 6
5 7
16 16
16 11
3 4
0 2
0 4
0 6
0 7
0 5
1 4
2 4
2 6
2 5
2 7
3 1
4 6
4 5
5 1
6 7
6 1
7 1
16 16
16 12
0 5
0 1
0 2
1 7
2 1
2 5
2 3
2 6
4 6
4 3
4 2
4 1
5 6
5 7
5 3
5 1
6 1
6 0
7 0
7 3
7 4
16 16
16 13
4 5
0 1
1 4
1 2
1 3
1 5
1 7
2 7
2 6
2 4
2 0
2 5
3 6
3 0
3 7
3 5
3 2
5 7
5 0
7 0
7 6
16 16
16 14
5 3
0 3
0 2
1 6
2 1
2 5
2 7
3 4
4 7
4 1
4 2
4 0
4 5
5 6
6 2
7 5
7 3
7 6
7 0
16 16
16 15
2 4
0 3
0 5
0 6
0 7
0 1
0 4
1 7
1 2
3 2
3 5
3 6
3 4
4 7
4 6
4 1
4 5
5 1
6 2
6 1
7 6
16 16
16 16
2 4
0 7
0 2
0 5
0 6
0 1
2 5
3 2
3 6
3 1
4 2
4 1
4 0
4 3
5 7
5 1
5 3
5 6
7 4
7 6
7 1
7 3
16 16
16 17
1 4
0 1
0 4
0 2
0 5
0 3
1 6
1 7
1 2
1 4
1 3
3 4
5 3
5 7
5 6
5 4
16 16
16 18
4 2
0 3
0 2
0 6
0 4
1 2
2 7
3 4
3 7
3 5
3 6
3 2
4 7
5 2
6 2
6 1
16 16
16 19
3 0
0 1
0 6
1 5
1 6
2 5
2 0
2 3
2 1
2 6
3 4
4 6
4 1
5 3
5 6
5 4
5 7
6 7
7 3
7 0
7 1
7 2
16 16
16 20
0 5
0 7
0 3
0 5
0 2
0 4
0 1
1 4
1 7
1 6
1 2
2 3
2 5
2 4
2 6
3 1
4 6
6 7
7 5
7 4
16 16
16 21
4 5
0 1
0 7
0 4
0 3
0 5
0 2
1 7
2 1
2 5
3 1
3 5
3 7
5 4
5 6
7 6
16 16
16 22
1 3
1 3
1 6
2 4
2 1
2 7
3 7
4 3
4 1
6 4
6 2
6 7
16 16
16 23
3 1
0 1
0 2
0 5
0 4
0 7
0 3
1 6
1 2
1 7
1 3
1 4
2 3
2 5
2 4
2 6
3 4
3 7
3 6
4 7
4 6
5 1
7 6
7 2
16 16
16 24
1 6
0 1
1 4
1 3
1 2
1 7
1 6
2 5
2 3
2 4
3 5
3 4
3 7
4 5
4 6
5 1
5 7
5 6
6 3
6 0
6 7
16 16
16 25
3 5
0 4
0 5
0 2
3 6
3 5
3 0
3 1
3 2
3 4
4 7
4 5
4 2
4 6
6 0
6 7
6 1
7 5
7 0
7 2
7 3
16 16
16 26
1 5
2 1
2 7
3 2
3 7
3 5
3 0
3 6
4 1
4 7
4 2
4 3
4 5
4 0
5 2
6 2
7 1
16 16
16 27
5 2
0 3
0 5
0 2
0 4
1 0
1 5
2 1
2 3
2 4
2 7
3 7
4 6
4 1
4 3
4 5
5 7
5 3
5 6
6 0
6 7
6 2
6 1
7 1
16 16
16 28
5 1
0 3
0 2
0 5
0 7
0 6
0 1
1 7
1 5
2 3
2 4
4 0
4 1
5 2
5 6
5 4
5 3
6 3
6 1
6 2
6 7
7 2
7 3
16 16
16 29
0 3
0 3
0 7
1 0
1 5
1 3
1 2
1 4
1 6
2 5
2 6
2 7
2 3
3 5
3 6
4 5
4 2
4 3
4 6
5 0
5 7
6 0
6 5
7 6
7 4
16 16
16 30
1 5
0 2
0 3
0 5
1 0
1 3
1 4
2 3
2 1
4 2
4 0
4 7
4 5
5 1
5 6
5 7
6 3
6 1
6 4
6 2
7 2
7 0
16 16
16 31
4 2
0 7
1 3
1 7
1 2
1 6
2 4
2 3
2 5
3 4
3 7
3 0
3 5
5 6
5 4
5 1
5 7
6 7
6 2
16 16
16 32
2 3
0 7
0 5
0 1
0 4
0 2
0 3
1 3
1 7
1 5
1 6
1 2
3 5
3 4
5 6
6 2
7 5
7 2
16 16
16 33
6 4
0 5
0 3
0 6
1 3
1 4
1 6
1 7
1 2
1 5
2 4
4 0
4 7
5 7
5 6
5 2
5 3
6 2
6 4
16 16
16 34
4 1
0 2
0 6
0 7
0 4
1 6
1 5
1 0
1 4
1 2
4 7
5 7
5 0
7 1
7 6
7 3
16 16
16 35
2 4
0 6
2 6
2 1
2 0
2 3
2 7
2 4
3 0
3 5
3 4
3 1
6 4
6 5
6 7
6 3
7 1
16 16
16 36
0 1
0 7
0 2
0 1
0 4
0 6
0 3
1 2
1 7
1 6
2 4
3 6
4 6
4 7
4 5
4 1
5 7
7 3
16 16
16 37
2 4
0 3
0 7
2 6
2 1
3 4
3 7
3 6
3 2
4 2
4 5
4 0
4 7
4 6
6 7
7 1
7 2
16 16
16 38
2 3
0 4
0 3
0 7
0 1
0 6
1 6
1 4
1 2
1 5
1 3
2 0
2 4
3 2
4 3
5 4
5 2
5 0
5 3
5 6
6 4
6 2
6 3
7 3
16 16
16 39
4 5
2 6
2 4
4 1
4 0
4 5
4 3
4 7
5 7
5 6
5 3
6 7
16 16
16 40
2 4
0 3
0 4
1 4
1 6
2 1
2 7
2 4
2 3
2 6
3 7
3 4
4 5
4 6
5 3
5 7
6 5
6 7
16 16
16 41
3 5
0 1
1 4
1 7
2 7
2 0
2 1
2 3
3 6
3 4
3 1
4 2
4 7
4 0
5 3
5 6
5 1
6 2
6 4
6 1
6 0
7 5
7 0
7 6
16 16
16 42
3 4
0 5
0 3
0 4
0 6
1 7
1 6
1 5
1 4
2 1
2 5
2 6
2 7
2 3
3 5
3 1
3 4
4 7
6 4
6 7
6 3
7 5
7 0
16 16
16 43
4 0
0 4
0 6
0 2
1 5
1 7
1 2
1 4
3 0
3 7
3 6
3 5
3 4
3 1
4 7
4 5
5 2
5 6
6 4
7 6
16 16
16 44
1 6
0 6
0 3
0 1
0 4
1 5
1 4
1 3
1 6
1 2
3 7
3 5
3 6
3 2
4 3
5 6
5 4
5 7
5 2
6 7
16 16
16 45
6 1
0 6
0 2
0 3
0 5
0 4
1 7
1 3
1 5
1 4
1 2
3 4
3 2
5 7
6 4
6 7
6 3
16 16
16 46
4 5
0 3
0 4
0 2
1 6
1 4
1 2
2 3
2 6
3 6
4 7
4 6
5 6
5 3
5 7
5 1
6 0
7 0
16 16
16 47
0 4
1 2
1 0
2 4
2 6
2 0
2 3
2 5
4 6
5 6
5 7
5 1
5 4
6 3
6 7
6 0
7 4
16 16
16 48
6 4
0 5
0 1
1 5
2 6
2 1
2 3
4 3
4 7
4 0
5 7
5 4
6 3
6 1
16 16
16 49
0 3
1 6
1 0
1 2
3 6
3 5
3 2
3 7
4 2
4 7
4 5
4 0
5 7
5 2
5 0
5 1
16 16
16 50
2 4
0 1
0 4
0 7
2 6
2 5
2 3
2 0
2 7
2 4
3 5
3 7
3 0
3 1
5 1
5 6
5 0
16 16
16 51
5 2
0 4
0 3
0 7
0 5
0 1
1 5
1 2
2 7
2 3
2 4
4 1
4 6
4 3
5 7
5 3
6 0
6 7
7 3
7 1
16 16
16 52
2 0
0 3
0 5
0 1
1 2
2 5
2 4
2 0
2 6
4 5
4 1
4 3
5 1
5 3
5 7
6 5
16 16
16 53
4 6
0 7
1 2
1 6
2 6
2 7
2 0
3 2
3 6
3 5
3 0
3 1
3 7
4 1
4 6
5 0
6 7
7 1
7 5
16 16
16 54
3 4
0 4
0 7
0 1
1 5
1 3
1 7
1 4
1 2
2 3
2 6
2 0
2 4
3 6
3 5
4 5
4 7
5 2
5 7
5 0
7 2
16 16
16 55
0 5
0 6
0 5
1 6
1 0
1 7
1 2
2 7
2 5
2 6
3 4
3 2
3 6
3 0
4 0
6 4
7 5
16 16
16 56
2 3
0 4
0 5
0 2
0 7
0 6
1 6
1 4
1 2
1 3
1 5
1 7
2 4
2 3
2 7
5 3
7 6
16 16
16 57
5 4
0 2
0 1
0 6
0 3
0 4
0 5
1 6
1 4
2 5
2 7
2 1
3 4
3 1
3 6
3 5
3 2
4 6
4 7
5 1
6 5
6 7
16 16
16 58
0 5
0 4
0 1
0 7
0 3
0 6
1 2
1 3
1 6
1 5
1 4
4 3
4 7
5 2
7 3
7 6
16 16
16 59
6 5
0 7
0 2
0 1
0 3
0 4
0 6
1 4
1 3
1 2
2 5
2 4
3 7
3 2
3 6
4 7
4 5
5 1
5 6
5 7
7 2
7 6
16 16
16 60
5 0
0 7
0 2
0 6
0 4
0 5
1 5
2 4
2 5
2 1
2 3
4 3
4 5
4 1
6 2
6 5
6 4
6 3
7 6
7 1
7 3
16 16
16 61
5 1
1 6
2 0
2 1
2 7
2 4
2 6
3 4
3 1
3 0
3 2
3 5
4 1
4 0
5 6
5 0
5 2
6 7
6 0
6 4
7 1
7 5
7 4
7 0
16 16
16 62
5 3
0 6
0 7
0 4
0 2
0 3
0 1
1 7
2 6
2 3
2 5
3 1
3 4
3 7
3 5
4 7
4 1
4 2
5 7
5 6
5 4
5 0
6 4
6 3
6 1
7 6
16 16
16 63
2 3
0 7
0 6
0 3
0 1
0 2
0 4
1 3
1 4
1 7
2 6
2 4
2 5
3 5
4 7
4 6
4 3
6 1
6 3
6 5
7 6
16 16
16 64
0 1
0 7
0 4
0 3
0 6
0 1
1 4
1 2
1 5
1 7
2 0
2 3
2 4
3 5
3 1
5 7
7 4
7 2
7 3
16 16
16 65
3 1
0 6
0 1
0 3
0 5
0 4
1 7
1 3
1 6
1 2
1 5
2 6
2 7
4 6
4 3
4 5
4 7
4 1
5 7
6 3
7 3
7 6
16 16
16 66
6 3
0 1
2 1
3 0
3 4
4 5
5 1
5 0
6 3
7 5
7 0
16 16
16 67
5 0
0 1
0 2
0 6
1 7
1 5
1 4
1 3
1 2
3 7
3 2
3 5
3 4
3 0
4 2
4 7
4 0
4 5
5 7
6 4
6 5
6 3
6 7
7 0
16 16
16 68
5 0
0 7
0 3
1 3
1 6
1 5
2 5
2 4
3 5
3 7
3 4
4 0
4 1
6 3
6 2
6 4
7 1
7 2
7 5
16 16
16 69
0 4
0 6
0 2
0 7
0 5
0 4
0 3
1 6
1 5
1 0
1 3
1 7
1 2
2 4
3 4
3 5
3 6
3 7
4 5
4 1
4 6
5 7
5 2
6 7
6 5
16 16
16 70
4 2
1 7
1 2
2 0
2 3
2 4
3 7
4 1
4 7
4 6
4 3
5 4
5 2
7 2
16 16
16 71
0 3
0 4
1 6
1 5
2 0
2 7
2 5
2 1
2 6
3 5
3 7
3 6
3 0
4 7
4 2
4 3
5 7
5 0
5 4
7 6
7 0
16 16
16 72
0 5
0 3
0 7
0 6
0 2
0 5
0 1
1 5
1 4
1 3
2 1
2 7
2 6
2 5
2 4
3 4
3 7
3 6
4 6
4 7
5 7
5 6
16 16
16 73
2 4
0 3
1 0
1 5
1 6
1 4
1 2
2 0
2 6
3 4
4 5
5 3
5 0
6 3
6 0
6 7
6 4
7 1
7 5
7 2
16 16
16 74
6 3
1 5
1 0
1 4
1 6
2 4
2 0
2 5
2 7
2 6
3 1
3 0
3 2
3 6
3 7
4 6
4 0
4 5
4 7
7 6
16 16
16 75
4 5
0 5
0 3
0 1
0 2
0 7
0 4
2 4
2 6
2 7
3 1
3 6
3 7
3 5
4 3
5 4
5 7
5 6
5 2
6 4
6 7
6 1
16 16
16 76
0 6
0 4
0 5
2 5
2 7
2 4
2 1
2 3
2 6
3 4
3 0
3 1
5 7
5 6
6 4
6 3
6 7
7 3
7 4
7 1
16 16
16 77
0 4
1 4
1 0
2 4
2 5
2 3
2 1
6 3
7 0
7 4
7 6
7 3
16 16
16 78
2 1
0 5
0 6
0 1
0 3
1 3
1 7
1 5
2 5
2 4
2 6
2 0
2 3
5 4
6 1
6 3
7 2
7 0
7 4
7 3
7 6
16 16
16 79
0 6
0 7
1 7
1 3
1 4
1 2
2 0
3 6
4 2
5 3
6 5
6 7
7 2
7 3
7 4
16 16
16 80
5 2
0 2
0 7
0 4
0 1
2 6
2 1
2 7
3 5
3 0
3 1
3 7
4 7
4 3
4 5
4 6
4 2
5 2
5 0
6 1
6 0
6 5
6 7
16 16
16 81
6 5
1 5
1 0
1 4
1 6
1 7
2 6
2 5
2 3
2 4
2 7
3 4
4 0
4 6
4 7
5 4
5 7
5 6
5 3
6 0
7 6
16 16
16 82
0 1
1 4
1 0
2 7
2 4
2 5
2 6
2 0
2 1
3 0
3 6
4 6
4 7
5 1
5 3
5 0
6 7
6 0
7 3
7 5
16 16
16 83
6 4
0 4
0 1
1 5
1 3
1 7
1 2
1 6
2 6
2 3
2 7
4 3
4 6
6 7
6 5
16 16
16 84
1 0
0 6
0 1
0 5
0 7
1 7
2 3
2 4
2 1
3 0
3 5
3 6
4 7
4 1
4 3
5 4
5 2
5 7
6 2
6 5
6 1
7 2
16 16
16 85
6 5
0 4
0 3
0 2
0 1
0 5
0 7
2 1
3 1
3 6
3 5
3 7
4 1
5 6
5 1
5 7
5 4
6 1
6 2
7 2
7 6
16 16
16 86
6 3
0 7
0 3
0 2
0 6
1 7
1 4
2 4
2 5
2 1
2 7
2 3
3 5
3 1
4 3
4 5
4 6
4 0
5 6
6 2
6 3
7 4
7 6
16 16
16 87
1 0
0 2
0 6
0 7
1 0
1 5
1 4
1 7
1 2
1 3
2 3
2 5
4 5
4 7
5 7
6 5
6 2
6 7
16 16
16 88
2 1
0 2
0 6
0 5
0 7
1 5
1 0
2 1
2 4
2 6
3 4
4 0
4 7
4 6
5 6
5 3
7 6
7 5
16 16
16 89
1 3
0 4
1 0
1 7
1 2
1 5
2 0
2 4
2 3
2 5
4 1
4 5
4 7
4 6
6 7
16 16
16 90
3 6
0 7
0 1
0 6
0 5
1 7
2 5
2 3
3 7
3 4
4 7
5 1
7 2
16 16
16 91
1 5
0 6
0 4
0 7
0 3
1 5
1 0
1 2
2 6
2 7
2 5
2 4
3 6
4 1
4 6
5 7
6 1
6 5
7 4
7 1
7 6
16 16
16 92
3 1
0 7
0 5
0 1
0 3
0 6
1 3
1 6
1 5
1 7
1 2
2 6
2 3
2 7
2 0
2 4
3 6
3 4
3 5
4 0
5 4
5 2
6 5
6 7
16 16
16 93
6 3
0 7
0 3
0 2
0 5
0 6
0 4
1 3
1 5
1 7
1 6
1 0
1 2
2 3
2 5
2 7
4 7
4 1
4 5
5 6
16 16
16 94
5 3
0 5
0 7
0 1
0 3
1 4
1 6
1 3
1 7
2 4
2 0
2 7
2 5
2 1
2 3
3 4
3 6
4 6
4 0
4 5
5 3
6 0
7 5
7 3
7 4
16 16
16 95
2 3
0 1
0 7
0 2
0 5
1 7
1 6
1 5
1 2
1 3
2 5
2 7
3 7
5 7
6 2
6 5
6 0
6 7
16 16
16 96
4 2
0 1
0 3
1 3
1 4
3 4
3 7
3 6
4 0
4 7
4 5
6 1
7 2
7 6
7 0
7 1
16 16
16 97
6 0
0 3
0 2
0 4
0 6
0 5
0 7
1 7
1 0
2 1
2 4
3 1
3 2
3 6
4 6
4 5
4 7
4 3
5 1
5 7
5 2
5 3
6 1
6 7
6 2
16 16
16 98
3 6
0 2
0 5
0 3
0 4
1 7
1 6
1 4
1 3
2 7
2 6
2 4
2 3
3 6
5 1
6 5
6 7
6 4
7 4
16 16
16 99
2 0
0 5
1 5
1 3
2 5
2 3
2 0
2 7
2 1
2 6
3 7
4 2
5 4
5 7
6 0
6 7
6 5
6 3
16 16
16 100
5 0
0 7
0 4
2 4
2 6
2 0
3 1
4 7
4 3
4 5
4 6
5 0
5 1
5 6
5 7
6 0
7 1
7 3
16 16
16 101
1 6
0 4
0 5
1 4
1 7
1 5
1 6
1 0
1 2
2 5
2 4
3 0
3 7
3 1
4 5
4 6
4 3
6 0
6 3
7 0
16 16
16 102
2 5
0 5
0 4
0 6
0 2
0 3
1 6
1 3
1 0
1 2
2 4
2 5
2 6
3 5
3 6
3 2
4 6
4 1
4 7
4 5
7 5
7 1
7 0
7 3
7 2
16 16
16 103
5 0
0 7
0 1
0 6
0 5
0 3
1 3
1 2
1 6
2 3
2 5
3 5
3 7
3 4
4 2
4 0
4 1
4 6
7 5
7 6
16 16
16 104
4 1
0 5
1 3
1 5
2 3
2 6
2 0
2 7
2 1
2 4
3 5
5 4
7 6
16 16
16 105
4 2
0 1
0 6
0 2
1 3
2 5
2 3
2 6
2 7
3 6
3 4
3 7
6 1
6 7
16 16
16 106
2 1
0 3
0 4
1 6
1 5
1 3
1 2
1 0
2 0
2 4
2 5
3 4
3 5
3 7
4 6
4 5
4 1
5 0
7 5
16 16
16 107
2 0
2 6
3 2
3 7
3 1
3 0
3 5
3 4
4 0
5 4
5 2
5 0
5 7
6 7
6 5
6 1
6 3
7 4
7 2
16 16
16 108
3 0
0 2
2 5
3 2
3 7
3 1
3 6
3 0
3 4
4 1
5 0
6 5
6 0
6 7
6 4
7 5
7 0
7 2
16 16
16 109
0 5
0 5
0 2
0 1
0 6
0 3
1 6
1 4
2 4
2 6
3 7
5 4
5 7
5 1
5 2
6 7
16 16
16 110
4 2
0 7
1 4
1 2
1 6
1 7
1 5
2 0
2 3
3 6
3 0
3 1
3 4
4 2
4 7
4 5
4 6
16 16
16 111
3 4
2 4
2 3
2 6
2 7
2 1
4 3
4 0
6 7
6 4
6 3
6 1
7 5
7 3
7 4
16 16
16 112
2 4
0 5
0 3
0 2
0 7
0 4
1 3
1 7
1 5
2 3
2 1
2 4
2 6
2 7
4 1
4 5
4 7
6 4
6 1
6 3
16 16
16 113
3 6
0 2
0 3
0 5
0 7
0 6
0 4
1 4
1 5
3 1
3 6
3 2
3 4
5 3
6 5
6 2
6 1
7 2
7 4
16 16
16 114
3 0
0 2
0 1
1 2
1 5
2 6
3 6
3 5
3 7
3 4
4 2
4 0
4 6
4 7
4 5
5 7
5 2
5 6
6 7
16 16
16 115
4 6
0 7
0 2
0 1
0 3
1 6
2 6
2 1
2 4
3 1
4 0
4 1
4 7
4 6
5 7
5 4
5 2
5 1
5 0
16 16
16 116
5 1
0 4
0 1
0 2
1 3
2 3
2 7
3 5
3 6
3 0
3 7
4 2
4 6
4 3
4 1
5 1
5 0
6 5
6 7
6 2
7 5
16 16
16 117
0 1
0 7
0 4
0 1
0 5
0 6
0 2
2 6
3 1
3 6
3 7
3 0
3 5
3 2
5 6
5 2
5 7
6 7
6 1
16 16
16 118
0 5
0 7
3 1
3 6
3 5
4 5
4 0
4 3
4 6
5 1
5 0
6 7
7 2
7 4
7 3
16 16
16 119
0 1
0 2
0 6
0 3
1 4
2 5
3 6
3 5
3 4
3 1
4 0
4 5
4 7
5 7
6 5
6 1
16 16
16 120
2 4
1 0
1 6
1 2
1 4
1 3
1 7
2 5
4 6
4 5
4 3
4 0
4 2
5 6
5 0
6 3
7 4
7 2
7 5
7 0
16 16
16 121
0 5
0 2
0 6
0 1
1 6
2 1
2 6
2 7
2 4
2 3
3 7
3 6
3 1
3 0
3 4
4 6
5 3
5 6
7 1
16 16
16 122
4 5
0 4
0 2
0 5
0 3
0 6
0 7
1 4
2 7
2 3
2 6
2 4
3 5
5 6
5 4
5 7
5 2
7 6
7 4
16 16
16 123
2 1
0 6
0 4
0 1
0 2
0 5
0 3
1 2
1 4
2 3
2 7
3 6
3 7
4 2
5 1
5 4
5 7
16 16
16 124
4 2
0 6
0 1
0 4
0 3
0 2
0 7
2 7
2 1
2 6
2 3
2 4
3 4
3 1
3 7
3 6
5 4
5 0
5 3
7 5
16 16
16 125
1 2
1 0
1 6
1 4
1 5
1 7
2 7
2 4
2 5
2 1
2 0
3 1
3 7
3 4
4 0
4 6
6 2
6 5
6 3
6 0
7 4
7 0
16 16
16 126
1 2
0 3
1 5
1 7
1 6
1 2
1 0
4 1
4 6
4 7
4 3
4 2
5 0
5 4
5 3
6 3
6 0
6 5
6 2
7 5
7 3
7 2
16 16
16 127
6 3
1 5
1 3
3 2
4 1
4 2
4 7
4 6
4 0
6 3
6 7
6 1
6 5
7 2
7 0
7 3
16 16
16 128
1 2
0 2
0 1
0 4
0 3
0 7
0 5
1 4
1 3
1 5
1 6
1 2
2 5
2 3
2 7
4 7
4 3
5 6
5 3
16 16
16 129
1 2
0 5
0 1
0 3
0 4
2 4
2 6
2 0
2 3
2 1
2 5
3 4
3 6
4 6
4 1
5 4
6 7
6 0
6 5
7 4
7 5
16 16
16 130
0 6
0 2
0 5
0 7
2 5
2 7
3 5
3 7
3 0
3 2
4 7
5 1
6 1
6 7
6 4
6 2
6 0
7 5
16 16
16 131
6 2
0 7
0 3
0 2
0 4
1 5
5 2
5 7
7 2
7 4
7 3
7 1
16 16
16 132
5 0
3 0
3 5
3 6
3 7
4 1
4 7
5 6
5 0
5 4
5 1
6 0
6 4
7 2
16 16
16 133
6 0
0 3
0 5
0 2
0 4
1 6
1 4
1 2
1 7
1 3
1 5
2 4
3 2
3 7
4 7
4 6
5 7
5 4
5 2
5 6
7 6
16 16
16 134
4 6
0 3
0 7
0 6
0 2
0 1
4 0
4 3
4 7
4 5
4 2
5 2
5 3
5 1
5 0
6 5
6 3
7 1
7 3
16 16
16 135
3 4
2 4
2 1
2 7
2 5
2 3
2 6
4 3
4 7
5 4
16 16
16 136
2 4
0 2
0 6
1 6
1 0
1 2
1 5
1 3
1 4
2 4
2 3
2 7
2 5
3 6
3 4
6 4
6 2
6 7
16 16
16 137
1 3
0 5
0 2
0 6
0 7
0 4
0 3
1 2
1 0
1 4
1 3
1 6
1 5
2 5
2 7
2 4
2 6
4 5
4 6
5 7
5 6
6 7
7 3
7 4
16 16
16 138
4 2
0 3
0 1
0 7
0 5
1 3
1 4
1 6
1 7
1 2
2 7
2 0
2 5
3 2
3 6
4 0
4 6
4 3
4 5
5 1
5 6
5 7
6 7
6 2
16 16
16 139
1 3
0 4
0 7
0 3
2 5
3 5
3 2
3 1
5 7
5 6
6 2
16 16
16 140
0 6
0 1
2 5
2 6
2 0
2 4
3 2
3 4
3 1
3 6
4 5
4 0
4 7
4 6
5 0
5 7
5 3
5 6
6 7
6 1
7 1
7 2
7 3
16 16
16 141
2 5
0 3
0 7
0 5
0 6
0 4
0 2
1 5
3 1
3 7
4 2
4 1
4 7
5 2
5 4
5 7
5 6
7 6
16 16
16 142
2 4
0 5
0 1
0 7
0 3
1 7
1 6
1 2
1 5
1 3
2 4
2 7
2 0
2 3
3 6
3 4
4 7
5 7
5 2
5 6
6 7
6 0
6 2
16 16
16 143
5 4
1 6
1 7
1 5
1 2
1 0
2 0
2 7
2 3
2 4
3 1
3 4
4 6
4 0
4 5
5 7
5 2
7 6
7 0
7 4
16 16
16 144
3 4
0 6
0 2
0 4
0 1
0 3
0 5
1 3
1 7
1 6
2 3
2 6
3 6
4 3
4 5
4 6
4 7
4 1
5 7
7 0
16 16
16 145
4 2
0 6
0 4
0 3
0 2
0 5
1 3
1 0
1 7
1 6
1 2
2 7
2 5
3 6
4 3
4 1
5 7
6 4
6 7
6 2
7 3
16 16
16 146
2 3
0 3
0 2
0 5
2 6
2 4
3 1
3 6
3 5
4 0
4 7
6 5
6 0
6 4
6 1
16 16
16 147
0 2
2 6
2 1
3 6
3 2
3 1
3 4
3 7
4 5
4 6
4 0
4 7
5 6
5 1
5 2
7 6
7 2
16 16
16 148
2 5
0 1
1 6
1 4
2 0
2 5
2 7
3 1
3 2
4 5
4 6
4 0
4 7
4 3
6 3
6 5
7 1
7 5
7 6
7 0
16 16
16 149
0 1
1 6
1 0
2 3
2 6
2 7
2 0
2 1
2 4
4 1
4 7
4 3
5 3
5 2
5 1
5 0
5 7
5 6
7 0
7 1
16 16
16 150
6 1
0 6
0 7
0 1
0 2
0 5
0 4
2 4
3 6
3 2
3 0
3 1
3 5
3 7
4 3
4 7
4 1
4 5
6 1
6 4
7 1
16 16
16 151
0 5
0 1
0 5
0 7
0 3
0 2
0 4
1 5
1 3
1 6
1 2
2 4
5 3
6 3
6 7
6 4
6 0
6 5
16 16
16 152
4 1
0 2
0 5
0 3
0 4
1 4
3 4
3 7
4 6
4 2
4 5
5 6
5 1
16 16
16 153
0 5
2 5
2 1
2 3
2 6
2 0
3 1
4 2
6 1
6 7
6 0
16 16
16 154
2 5
0 6
0 3
0 2
0 1
0 7
1 7
1 6
1 2
1 3
1 4
2 3
3 6
3 5
3 7
4 6
4 7
4 2
4 3
5 0
5 7
5 6
5 2
5 1
16 16
16 155
4 5
0 4
1 7
1 2
2 5
2 7
2 6
4 2
6 0
16 16
16 156
0 3
2 6
2 5
2 7
2 1
3 5
3 7
3 4
3 6
3 1
4 5
4 6
4 0
4 1
4 2
5 1
5 0
5 7
6 0
6 1
6 7
7 4
7 0
16 16
16 157
5 3
0 1
0 6
0 2
2 3
2 1
3 1
3 0
3 7
3 4
3 6
7 2
7 6
16 16
16 158
2 5
0 6
0 4
0 5
1 0
1 2
1 5
1 6
1 3
3 6
4 3
5 7
5 3
5 6
5 2
6 4
16 16
16 159
4 2
0 5
0 6
0 3
0 1
2 1
2 3
2 7
3 4
3 6
3 7
4 7
5 6
5 7
5 1
5 3
5 2
6 2
7 0
16 16
16 160
5 4
1 5
2 0
2 7
2 1
3 4
5 7
5 2
5 3
5 4
5 6
6 0
7 6
7 1
16 16
16 161
6 5
2 4
2 1
3 7
3 6
3 0
3 1
3 5
3 4
5 1
5 6
6 7
6 2
16 16
16 162
2 6
0 3
0 4
0 7
0 1
0 6
2 3
2 5
2 6
4 1
4 6
4 3
5 7
5 0
5 1
5 4
6 3
7 3
7 1
7 4
16 16
16 163
5 1
0 5
0 3
0 1
0 2
0 4
0 7
1 5
1 3
1 7
2 6
2 1
2 3
2 7
2 5
3 7
3 6
4 3
4 1
4 7
4 5
5 3
5 7
16 16
16 164
3 2
0 5
1 6
1 4
1 2
1 7
2 5
2 3
2 4
3 0
3 6
3 1
4 5
5 3
5 7
5 1
7 4
7 3
7 2
7 6
16 16
16 165
2 4
0 3
0 4
1 2
1 5
2 7
2 6
2 3
2 4
4 6
5 2
5 6
5 4
5 0
5 7
6 7
7 1
7 3
16 16
16 166
6 0
0 6
0 4
0 2
1 5
1 7
1 4
1 0
3 2
3 6
3 4
3 5
4 5
5 7
5 2
5 0
6 1
6 7
6 4
6 2
16 16
16 167
6 3
0 6
0 4
1 2
1 7
1 4
1 6
1 3
1 5
2 7
2 0
2 3
2 5
3 6
3 4
3 5
3 7
4 2
4 7
4 5
5 7
5 0
6 2
6 4
7 0
16 16
16 168
6 5
0 5
1 5
1 7
1 4
1 3
1 0
1 6
2 5
2 0
2 1
2 4
4 7
5 4
5 6
7 5
16 16
16 169
2 6
0 6
0 3
0 1
0 4
0 7
1 3
1 2
1 5
2 4
2 6
3 4
5 7
5 6
5 2
5 3
7 3
16 16
16 170
1 5
0 6
0 1
1 2
2 5
2 4
2 6
2 7
2 0
3 2
3 0
3 1
3 4
4 6
4 1
4 0
6 1
6 7
6 3
16 16
16 171
4 2
0 4
0 5
0 1
0 3
1 3
1 6
1 4
1 2
1 7
3 5
4 7
4 2
5 4
5 7
6 7
7 3
7 0
16 16
16 172
1 0
0 3
0 4
0 7
0 2
0 1
0 5
1 3
1 2
1 5
2 6
2 3
2 5
2 7
3 6
4 3
4 5
5 6
5 3
6 1
7 3
16 16
16 173
1 0
0 7
1 3
2 0
2 3
2 6
2 7
3 6
6 1
6 0
6 7
7 1
7 3
16 16
16 174
3 4
0 3
0 7
0 5
0 6
1 0
1 2
1 7
2 6
2 3
2 0
3 6
3 5
3 4
4 6
4 0
4 1
5 2
5 6
5 4
5 1
7 5
16 16
16 175
4 5
0 3
0 6
0 4
0 1
0 7
3 4
3 6
3 1
4 1
4 6
4 7
7 2
7 1
16 16
16 176
1 5
0 7
0 6
0 1
0 3
0 4
0 2
1 4
2 4
2 1
3 6
3 7
3 2
5 4
5 7
6 4
6 7
6 5
6 2
7 1
7 2
16 16
16 177
4 3
0 6
0 1
4 3
5 6
6 7
7 1
7 5
7 0
16 16
16 178
5 2
0 7
0 1
0 5
0 4
0 3
0 2
1 5
1 6
1 2
3 2
4 1
4 6
5 7
5 3
5 6
6 7
16 16
16 179
3 1
0 1
0 3
0 5
0 2
0 7
0 6
1 3
1 6
2 5
2 7
2 6
2 1
2 3
4 1
4 0
4 2
5 6
5 4
5 7
5 1
6 4
7 3
7 6
7 1
16 16
16 180
3 6
0 3
0 4
0 6
0 1
1 5
1 3
1 4
2 3
2 0
3 4
3 7
3 6
4 5
5 2
5 0
6 4
6 1
6 7
7 0
7 1
16 16
16 181
1 6
1 5
2 0
2 1
3 6
3 4
4 1
4 0
4 6
6 2
6 7
7 4
7 2
7 3
7 1
7 5
16 16
16 182
1 4
0 3
0 2
0 6
0 1
0 4
1 5
1 6
1 2
3 2
3 5
3 6
3 4
4 1
4 5
4 7
4 2
5 6
5 2
7 5
7 2
7 0
7 3
7 1
16 16
16 183
0 4
0 6
0 3
0 5
0 1
2 3
2 4
2 5
2 6
2 0
3 1
3 5
3 6
3 4
4 0
4 5
4 6
4 7
7 5
7 3
7 6
7 0
7 2
16 16
16 184
5 0
0 3
0 5
0 6
0 4
0 1
2 7
2 1
2 4
2 5
2 6
2 3
3 5
3 1
3 7
4 6
6 1
6 3
6 7
7 4
7 0
16 16
16 185
4 5
0 7
0 4
1 6
1 0
1 2
1 3
1 4
2 6
2 7
2 5
2 3
3 6
3 4
3 5
3 7
5 6
5 1
5 7
5 4
7 4
7 6
16 16
16 186
2 0
0 4
0 3
0 6
0 7
0 2
1 7
1 4
1 3
1 5
1 6
2 7
2 3
2 5
3 5
3 6
4 3
4 7
4 2
4 5
5 7
5 6
16 16
16 187
5 6
0 6
1 7
1 0
1 4
2 7
2 0
2 3
2 6
3 6
5 2
6 1
6 4
6 7
7 4
16 16
16 188
3 5
0 2
2 5
3 5
3 1
4 5
4 7
4 3
4 1
4 2
4 0
6 3
6 5
7 3
7 1
7 2
7 6
7 5
16 16
16 189
6 1
0 5
0 6
1 7
1 4
1 2
1 3
1 0
2 3
2 0
2 6
3 4
4 5
4 6
4 0
5 7
6 1
6 3
6 5
7 2
7 3
16 16
16 190
0 6
0 1
0 4
0 6
0 2
1 2
1 5
1 3
1 6
1 7
2 7
2 4
2 3
3 6
3 0
5 6
7 4
7 3
7 6
7 5
16 16
16 191
2 1
0 5
1 3
1 5
1 4
2 3
2 5
2 0
2 7
2 6
2 4
4 0
4 6
4 7
4 5
5 6
5 3
6 7
6 1
7 5
16 16
16 192
5 4
0 1
0 4
0 6
1 4
2 7
2 4
2 5
2 3
2 1
3 7
3 4
3 6
5 1
6 7
6 1
16 16
16 193
5 0
0 7
0 2
0 5
0 1
0 4
1 2
1 7
1 6
1 5
2 5
2 7
2 6
2 4
3 0
3 1
3 7
3 4
3 5
3 2
4 1
4 7
4 6
5 6
5 4
6 7
16 16
16 194
2 6
0 2
0 7
0 5
1 3
1 5
1 7
1 2
1 6
1 0
2 6
2 7
3 2
3 7
4 7
4 3
4 5
4 6
5 2
5 6
16 16
16 195
4 0
0 4
0 6
0 3
0 7
0 5
0 1
1 2
1 5
1 3
1 6
2 6
2 5
2 3
3 7
3 5
3 4
6 5
6 3
6 7
7 1
7 5
7 4
16 16
16 196
6 4
0 7
1 5
1 6
1 3
1 7
1 2
2 7
2 5
2 4
3 5
3 6
3 7
3 0
3 4
5 7
5 0
5 6
16 16
16 197
6 0
1 2
1 3
1 5
2 6
2 3
2 7
3 0
3 6
3 4
4 5
4 7
4 1
4 6
5 0
5 2
5 6
5 3
6 1
6 0
7 5
7 1
7 6
7 3
16 16
16 198
1 0
1 0
1 5
1 2
1 4
1 7
3 6
3 5
3 4
3 1
4 7
5 6
5 7
5 2
6 7
6 0
16 16
16 199
3 5
0 1
0 7
0 4
0 5
0 6
1 4
1 2
1 5
1 7
2 5
2 3
2 6
2 0
3 4
3 1
4 2
4 6
5 7
6 7
7 2
16 16
16 200
3 1
0 3
0 4
0 1
0 7
0 5
1 5
1 2
1 6
3 1
3 4
3 2
3 6
3 5
4 7
4 6
5 2
6 0
7 6
7 5
7 1
7 2
16 16
16 201
2 1
0 3
1 3
1 6
1 4
1 0
1 2
2 5
2 6
2 7
3 6
3 7
3 5
4 2
4 5
5 6
5 1
5 0
7 5
7 4
7 0
7 1
16 16
16 202
3 5
0 5
0 4
2 1
2 4
2 7
2 5
2 3
3 7
3 4
3 5
5 1
6 3
7 5
7 6
16 16
16 203
2 4
0 2
0 5
0 6
0 1
1 4
1 3
1 7
1 6
1 5
2 5
2 4
2 6
2 3
3 0
3 6
3 5
5 4
6 5
7 4
7 3
7 0
7 2
7 5
16 16
16 204
1 4
0 2
0 1
0 6
0 5
0 7
0 4
1 3
1 2
1 5
1 7
2 4
4 1
4 3
4 7
4 6
5 2
7 6
7 5
7 2
16 16
16 205
4 6
0 3
0 1
0 6
0 5
0 4
0 2
1 4
2 6
2 1
3 6
3 4
3 2
4 2
6 4
6 5
6 7
7 2
7 4
7 0
16 16
16 206
0 3
0 1
0 4
0 2
0 7
0 5
1 2
2 4
3 0
3 5
3 6
3 1
3 7
3 2
4 1
4 3
4 7
5 7
5 2
5 1
5 4
6 0
6 4
6 2
7 2
16 16
16 207
3 2
0 1
0 7
0 3
0 2
0 4
1 4
1 7
2 7
3 6
3 1
3 4
4 2
4 7
4 5
5 2
5 6
6 7
6 0
6 2
6 1
7 3
16 16
16 208
4 3
0 7
0 2
0 1
0 4
0 3
1 4
2 7
2 4
2 3
2 1
2 5
3 5
3 4
3 6
4 6
4 7
5 6
5 0
5 7
5 1
6 2
6 0
16 16
16 209
3 5
0 4
0 1
0 6
0 3
0 7
0 5
1 2
1 4
2 3
3 5
3 4
4 2
5 7
5 1
5 2
5 6
6 1
6 4
6 7
6 3
7 4
7 3
16 16
16 210
6 2
0 3
0 2
0 7
1 4
1 5
1 0
1 2
1 6
2 6
2 5
2 4
3 2
3 7
3 5
3 4
4 6
4 0
7 5
7 1
7 2
7 4
16 16
16 211
5 0
0 3
0 2
1 0
1 2
3 1
3 4
3 2
3 7
3 5
4 6
4 0
6 2
6 3
7 2
16 16
16 212
1 2
0 1
0 2
1 2
2 3
2 6
3 6
3 5
4 5
4 1
4 3
4 0
6 0
6 7
6 1
6 4
7 1
7 3
7 0
16 16
16 213
5 0
0 4
0 5
0 1
0 7
0 6
0 3
2 7
2 3
2 4
2 6
2 5
2 0
3 6
4 7
4 5
5 3
5 1
5 7
7 6
7 3
16 16
16 214
6 2
2 0
3 6
5 7
5 1
16 16
16 215
5 4
0 7
0 4
1 0
2 5
2 7
2 3
2 0
3 0
3 6
4 3
4 6
5 6
6 1
7 5
7 1
7 6
16 16
16 216
5 1
1 4
1 3
2 3
2 6
2 5
4 5
4 3
6 7
7 3
7 4
7 2
7 5
7 1
16 16
16 217
0 4
0 6
0 1
0 3
0 7
1 4
2 3
3 4
3 6
5 3
5 0
5 2
5 6
7 2
7 4
7 6
7 1
16 16
16 218
3 2
0 2
0 4
0 1
1 2
2 6
2 5
3 4
3 5
3 6
3 1
3 2
3 0
4 6
4 5
4 1
4 2
5 6
5 1
6 7
6 1
7 1
7 5
7 3
7 4
7 2
16 16
16 219
1 4
0 5
0 4
0 2
0 6
0 3
1 3
2 7
2 6
2 4
3 4
3 2
3 7
4 6
4 7
5 2
5 3
5 1
6 3
6 1
6 5
7 1
16 16
16 220
5 2
2 7
2 6
2 3
3 7
3 4
4 0
4 2
4 1
4 5
5 1
5 7
5 2
6 7
6 0
7 0
16 16
16 221
0 6
0 4
0 7
1 0
1 3
1 5
1 4
2 3
2 6
2 1
2 0
3 6
4 5
5 6
5 0
5 2
7 5
7 6
7 2
16 16
16 222
2 1
0 1
1 7
1 3
1 5
1 2
2 0
2 6
4 3
4 0
4 2
5 2
5 3
5 4
5 7
5 0
6 5
7 0
7 2
7 6
7 4
16 16
16 223
2 1
0 6
0 3
0 1
0 5
0 2
0 7
1 6
1 7
1 3
2 4
2 1
3 5
3 7
3 4
5 1
5 7
5 4
6 5
7 2
16 16
16 224
2 5
0 3
0 2
1 0
3 1
5 6
6 7
6 1
6 4
7 0
7 4
7 5
7 3
7 2
16 16
16 225
4 0
0 4
0 5
0 3
1 3
1 6
1 2
1 0
2 5
2 7
2 0
2 4
2 6
3 6
4 3
5 3
5 1
6 7
7 4
7 5
16 16
16 226
2 3
1 5
1 2
1 0
1 3
1 6
2 0
2 5
5 6
5 7
5 3
6 0
7 2
7 4
7 0
7 1
16 16
16 227
6 2
0 2
1 6
1 7
1 0
1 4
1 5
2 1
2 6
2 3
2 5
3 1
3 5
3 6
4 0
4 7
4 6
4 3
5 6
5 4
7 0
7 5
7 6
16 16
16 228
1 4
0 1
0 3
1 7
1 5
1 6
1 4
1 3
3 6
3 7
3 5
3 4
5 4
5 6
5 7
5 0
6 0
6 7
7 2
16 16
16 229
2 0
0 3
0 7
0 2
0 1
2 7
2 3
2 6
2 5
2 4
3 4
3 7
4 5
4 0
4 1
4 6
5 3
5 7
5 0
7 6
7 4
16 16
16 230
1 2
1 7
1 4
2 6
2 1
2 7
2 5
3 6
3 1
3 4
5 4
5 7
16 16
16 231
5 0
0 6
0 1
0 5
0 4
1 3
1 5
1 2
1 4
2 6
2 4
2 5
2 7
3 4
3 5
3 7
3 0
6 5
6 1
6 4
7 5
7 4
16 16
16 232
2 0
0 5
0 4
0 1
0 2
0 3
1 6
1 3
1 4
1 7
1 2
2 7
3 4
3 7
3 5
3 2
5 6
6 4
6 0
6 2
7 5
7 4
7 6
16 16
16 233
3 0
0 2
0 6
0 1
0 3
0 5
1 3
2 4
2 1
2 5
2 3
2 7
3 7
4 1
5 7
5 6
5 1
5 3
7 6
16 16
16 234
3 2
0 4
0 3
0 5
0 6
1 0
1 2
2 4
2 7
2 5
3 7
3 1
4 7
4 5
7 5
7 6
16 16
16 235
3 4
0 7
0 2
1 6
3 0
3 6
3 1
3 5
3 7
4 1
4 2
4 5
4 3
4 0
4 7
5 6
5 7
6 2
6 0
6 4
16 16
16 236
3 0
0 6
0 7
0 3
1 6
1 4
2 1
2 6
3 6
3 7
3 2
3 1
4 0
4 6
4 5
6 7
7 4
7 2
16 16
16 237
0 4
0 6
0 3
2 3
2 1
2 4
2 5
2 7
2 0
4 6
4 1
4 0
4 7
4 5
5 6
7 6
16 16
16 238
2 4
0 4
0 2
1 3
1 2
1 6
1 0
1 7
2 3
2 5
2 7
2 4
3 0
3 4
5 6
5 4
5 7
6 3
7 3
16 16
16 239
1 6
0 5
0 2
1 4
1 6
3 2
5 3
5 7
6 2
6 4
6 3
6 5
7 4
7 2
7 1
16 16
16 240
0 3
0 4
0 6
0 3
0 5
0 2
0 7
1 6
1 2
2 3
3 5
3 6
3 1
3 4
4 2
4 1
5 2
5 6
5 1
6 2
7 1
16 16
16 241
0 1
1 4
1 6
1 2
1 0
3 1
3 7
3 2
3 0
3 5
4 2
4 3
4 5
4 7
4 0
5 7
5 6
6 2
6 4
6 3
6 7
16 16
16 242
4 0
0 1
0 6
0 2
0 7
0 3
0 4
1 7
1 5
1 6
2 3
2 1
2 7
2 6
3 7
3 6
5 0
5 3
5 2
6 7
7 4
16 16
16 243
2 1
1 6
2 0
2 1
2 7
2 6
2 3
3 0
4 7
5 6
5 3
5 2
5 1
6 0
6 7
6 4
7 0
16 16
16 244
0 5
0 6
0 1
0 5
0 7
0 4
2 6
2 7
2 5
3 1
4 1
5 3
5 7
7 3
7 4
16 16
16 245
6 2
0 7
0 5
0 6
0 3
0 2
0 1
1 6
2 5
2 6
2 4
3 6
4 0
4 7
4 1
4 6
5 4
5 3
5 6
7 3
7 2
7 1
16 16
16 246
4 0
0 2
0 4
0 7
0 1
0 6
0 5
2 4
2 6
2 1
3 5
3 4
3 7
3 6
3 0
3 1
4 7
4 6
5 6
5 1
5 2
5 4
6 7
7 1
16 16
16 247
0 6
0 6
0 3
1 0
1 6
1 3
1 2
1 4
2 7
3 6
3 7
3 5
4 2
4 0
4 5
4 6
7 5
16 16
16 248
5 1
0 4
1 7
1 2
1 5
1 0
1 3
1 6
2 6
2 5
2 4
2 0
3 6
4 7
5 4
5 3
5 6
6 4
6 0
7 0
16 16
16 249
2 1
0 1
0 4
2 3
2 6
2 1
2 7
2 4
2 5
4 6
4 1
4 5
4 7
5 1
5 0
5 7
6 1
6 5
6 0
7 3
16 16
16 250
0 4
0 5
0 1
0 3
0 4
0 2
1 3
1 7
2 7
2 3
2 6
4 3
5 2
5 3
5 1
5 7
7 0
16 16
16 251
1 3
0 6
0 5
0 2
1 5
1 7
1 4
1 3
1 6
1 2
4 0
4 5
5 3
5 7
5 6
7 6
16 16
16 252
0 5
0 5
0 3
0 2
1 5
4 5
4 1
5 2
5 3
6 2
6 3
6 4
16 16
16 253
6 1
0 1
0 5
1 3
1 6
1 4
2 3
2 6
2 1
2 0
2 7
2 4
3 6
3 7
3 0
3 5
5 2
5 6
5 7
6 0
16 16
16 254
6 4
0 1
0 5
0 6
0 7
0 4
0 2
1 7
2 7
2 5
2 1
3 5
4 2
5 4
5 1
6 7
6 5
6 3
6 2
16 16
16 255
5 1
0 5
1 5
1 2
2 5
3 0
3 6
4 6
4 0
4 7
6 7
7 5
16 16
16 256
6 5
1 7
1 5
1 6
2 0
2 3
2 5
2 7
2 1
2 6
3 6
4 2
4 7
6 7
6 0
7 5
7 3
16 16
16 257
0 2
0 3
0 5
0 4
0 7
1 5
1 0
2 5
2 4
2 7
3 1
3 7
3 6
3 4
4 7
4 1
4 5
5 6
5 3
6 1
6 2
7 6
16 16
16 258
4 6
0 2
0 6
0 4
0 7
0 3
0 1
1 2
1 6
1 3
1 7
1 5
2 3
2 4
2 7
3 5
4 7
4 6
4 1
4 3
5 4
5 0
5 7
16 16
16 259
6 5
0 6
1 4
2 1
2 6
2 3
2 0
3 5
3 6
3 4
3 1
5 7
5 6
5 0
5 1
6 7
6 1
7 2
7 3
7 0
7 1
16 16
16 260
3 0
0 4
2 3
2 0
3 5
3 4
3 6
3 7
3 0
5 0
5 6
5 2
5 1
6 4
6 1
6 2
6 0
7 5
7 0
7 4
7 2
7 1
16 16
16 261
6 1
0 7
0 1
0 5
0 4
1 2
1 4
1 7
2 3
2 7
2 0
2 4
2 5
5 3
5 1
5 6
5 7
6 3
6 7
6 4
16 16
16 262
3 0
0 4
0 7
0 5
0 6
1 0
2 3
2 5
2 7
2 6
2 0
2 1
3 7
3 5
3 1
3 4
3 6
4 2
4 1
4 5
4 7
5 7
7 1
16 16
16 263
4 1
0 2
0 4
0 1
0 3
1 7
1 3
1 6
1 5
1 4
2 6
3 6
4 3
4 6
4 2
6 5
6 7
7 2
16 16
16 264
0 3
0 5
0 7
0 4
0 1
0 3
1 7
1 6
1 3
1 2
2 3
2 4
3 6
4 3
4 1
4 7
5 4
5 1
5 7
5 3
5 2
6 0
7 3
16 16
16 265
2 5
0 1
0 6
1 5
1 7
1 3
1 4
1 6
3 7
4 2
4 6
4 0
5 4
5 6
7 5
7 4
7 6
16 16
16 266
5 4
1 0
1 6
1 3
1 7
1 5
4 6
4 7
5 4
5 7
5 0
6 7
6 2
7 2
7 3
16 16
16 267
4 0
0 1
1 4
1 7
2 0
2 7
2 5
3 5
3 4
3 1
3 2
5 4
5 1
5 6
6 1
7 4
7 0
7 5
16 16
16 268
5 0
0 4
0 7
0 1
0 3
0 6
1 7
1 2
1 5
1 3
2 5
2 4
2 3
2 6
2 7
3 4
3 5
3 6
4 5
4 6
5 0
6 1
16 16
16 269
4 1
0 7
0 1
0 4
0 5
1 5
1 6
1 4
1 3
3 0
3 2
3 7
3 4
4 6
5 2
5 6
6 7
6 2
16 16
16 270
2 6
1 7
1 3
1 0
2 0
2 5
2 7
2 1
2 4
2 3
3 6
3 7
3 5
4 3
4 5
5 6
5 0
6 2
6 1
16 16
16 271
6 5
0 7
0 6
0 4
0 5
0 2
0 1
1 4
1 2
1 3
3 6
3 0
4 3
5 1
5 2
5 4
7 6
7 5
7 4
16 16
16 272
0 2
0 3
2 1
2 4
3 1
3 2
3 5
3 4
3 6
4 0
4 6
4 1
4 5
6 2
16 16
16 273
2 5
0 3
1 4
1 7
2 3
3 6
3 1
3 7
4 6
4 7
5 3
5 6
5 2
5 4
5 1
5 7
6 7
6 0
6 2
16 16
16 274
5 0
0 5
0 6
0 3
0 7
0 1
0 4
1 6
1 4
1 7
2 7
3 7
3 5
3 6
3 4
3 2
5 2
5 4
6 4
6 2
6 7
7 4
16 16
16 275
6 1
0 6
0 1
0 7
0 3
3 5
3 7
3 2
4 3
4 5
4 2
4 7
4 1
4 0
5 7
5 2
6 2
6 7
6 1
6 4
16 16
16 276
1 6
0 4
0 2
0 3
0 6
0 7
1 6
1 2
1 4
1 0
2 3
2 5
3 6
3 7
3 4
4 6
4 7
4 5
5 7
5 6
5 3
6 7
16 16
16 277
2 6
0 7
0 2
0 6
0 1
0 5
0 4
1 7
1 3
2 4
2 3
2 5
2 6
2 7
4 6
4 1
16 16
16 278
4 6
0 1
0 2
2 1
3 2
3 5
4 1
4 2
4 7
4 0
4 6
5 1
6 5
7 3
7 5
16 16
16 279
0 6
0 3
0 1
1 3
1 5
2 7
2 6
2 1
2 0
2 4
2 3
4 1
4 3
4 5
5 3
5 0
5 2
5 6
6 1
16 16
16 280
6 5
0 6
0 7
0 3
0 5
0 1
0 2
1 2
1 4
2 6
2 5
3 2
3 5
3 6
3 1
3 4
4 7
4 5
4 6
4 0
6 1
7 5
16 16
16 281
1 6
0 4
1 6
1 4
1 5
2 7
3 0
3 4
3 5
3 6
3 7
4 5
4 7
4 6
6 7
6 2
7 1
7 5
16 16
16 282
2 0
0 1
0 3
0 6
0 7
1 2
1 4
1 7
1 6
2 4
5 6
6 4
6 2
7 3
7 6
7 2
7 5
16 16
16 283
5 4
0 2
0 4
0 7
1 7
1 6
2 6
2 5
2 1
3 5
3 4
3 2
3 1
3 6
3 7
6 7
6 5
6 0
7 2
16 16
16 284
5 3
0 5
0 4
0 6
2 5
2 4
2 1
2 7
2 3
2 0
3 5
3 0
3 7
3 4
3 1
6 7
6 3
6 5
6 2
6 1
7 5
16 16
16 285
4 0
0 6
0 7
2 0
2 7
2 5
2 1
3 5
3 7
3 6
3 0
3 4
3 2
4 0
4 5
4 7
6 1
6 4
7 5
16 16
16 286
3 1
0 5
0 2
0 7
0 6
1 7
1 6
1 0
1 3
1 4
2 7
2 3
3 4
3 5
3 6
4 6
4 7
4 2
5 7
5 1
5 6
5 2
7 3
16 16
16 287
1 4
0 6
0 7
0 3
0 2
0 1
0 5
1 5
1 7
1 4
2 6
3 4
3 5
3 1
4 5
4 2
4 7
5 7
5 6
6 3
6 1
6 4
16 16
16 288
0 2
0 6
0 2
1 6
1 4
1 3
1 0
3 5
3 0
3 7
3 6
6 2
6 5
6 4
7 6
7 1
16 16
16 289
2 1
1 6
1 4
1 2
1 0
1 3
2 5
2 0
2 4
2 7
3 5
3 6
3 2
3 4
3 0
4 6
4 0
4 7
5 4
5 7
5 0
5 1
6 0
7 0
7 6
16 16
16 290
6 3
0 1
0 7
0 3
1 6
1 4
1 2
2 0
3 4
3 5
3 7
4 6
4 7
4 2
4 5
5 0
6 5
6 2
6 3
7 5
7 1
16 16
16 291
2 6
0 6
0 5
0 1
1 4
1 5
1 7
1 2
1 3
2 7
2 0
2 4
3 0
3 2
3 7
4 5
4 0
6 3
16 16
16 292
2 6
0 1
0 7
0 3
0 4
0 2
1 7
1 6
1 3
2 5
2 1
2 6
2 3
3 5
5 4
6 3
6 7
6 5
6 4
16 16
16 293
2 0
0 5
0 4
0 3
0 6
0 1
1 2
1 7
1 5
1 4
1 3
2 3
2 5
2 7
2 4
3 5
3 7
4 5
4 7
4 3
5 6
6 2
6 3
6 4
6 1
7 6
7 0
16 16
16 294
5 6
0 6
0 7
0 1
0 4
0 3
0 2
1 4
1 5
1 6
2 3
2 7
2 1
2 6
2 5
3 5
3 6
3 4
3 7
5 4
5 6
16 16
16 295
2 0
0 5
0 3
0 4
1 2
1 7
1 4
1 0
1 6
1 5
2 4
2 7
2 5
3 6
3 5
3 2
3 1
4 6
4 5
5 7
7 6
16 16
16 296
6 4
0 7
0 2
0 3
1 4
1 7
2 7
3 1
3 5
3 2
4 0
5 7
5 0
6 4
6 1
6 5
7 6
7 4
16 16
16 297
4 1
0 5
0 1
0 7
0 4
0 6
0 2
1 5
1 3
2 4
2 7
2 5
2 3
5 4
6 4
6 2
6 5
6 1
6 7
16 16
16 298
6 1
0 3
1 7
1 4
2 3
2 5
2 6
2 1
2 7
2 4
3 1
3 5
3 6
4 5
4 3
5 1
6 4
6 1
16 16
16 299
5 2
1 3
1 7
1 2
1 6
1 5
1 4
2 6
3 7
4 7
4 6
4 2
4 0
5 2
5 0
6 0
16 16
16 300
5 6
0 1
1 6
1 2
1 3
1 5
1 4
2 7
3 2
3 4
4 2
4 5
4 0
5 7
5 3
6 5
6 0
6 4
7 6
7 1
16 16
16 301
2 4
0 5
1 2
1 7
1 4
1 0
2 4
3 6
3 2
3 4
3 1
3 7
4 0
4 5
4 6
5 7
5 3
6 1
6 5
6 7
16 16
16 302
5 1
0 2
0 7
1 2
2 7
2 4
2 6
2 5
3 5
3 2
3 1
4 0
4 3
4 7
5 4
6 4
6 1
7 1
16 16
16 303
0 6
1 5
1 7
1 6
3 2
3 5
3 7
3 6
4 7
4 6
4 3
4 5
4 2
4 1
5 2
6 7
6 0
16 16
16 304
4 3
0 2
0 5
0 4
0 3
0 1
1 5
1 7
1 6
1 3
2 4
2 6
2 3
3 5
4 3
4 7
4 6
5 4
5 7
6 7
6 0
6 3
7 0
7 2
16 16
16 305
0 3
0 6
1 6
1 2
1 3
2 4
2 3
3 5
4 5
6 3
7 1
7 4
7 0
7 3
7 5
7 6
16 16
16 306
5 1
0 2
1 3
1 4
1 2
1 7
3 0
4 7
4 6
4 5
5 6
5 1
5 7
5 3
7 2
7 3
16 16
16 307
5 3
1 0
2 7
2 4
2 0
2 1
4 6
4 0
4 7
4 1
5 4
5 2
5 0
6 2
6 5
7 5
7 6
16 16
16 308
4 1
0 4
0 5
0 7
0 2
0 6
1 4
1 3
1 5
1 2
2 3
3 4
3 5
3 6
3 7
4 2
4 6
4 5
5 7
5 6
6 7
7 4
7 2
16 16
16 309
5 0
1 5
2 3
2 7
2 4
2 0
2 6
2 1
3 1
5 3
6 0
6 5
6 3
6 1
7 4
7 0
7 5
7 6
7 3
16 16
16 310
6 2
1 7
2 7
2 1
4 2
4 5
4 0
4 6
4 7
4 3
7 3
7 6
7 0
16 16
16 311
1 5
0 6
0 1
1 2
1 5
1 6
1 7
2 4
2 0
2 5
3 6
3 5
3 7
4 3
4 7
4 5
4 1
7 5
7 0
7 2
16 16
16 312
2 4
0 1
0 7
0 2
1 5
1 6
1 2
1 3
1 4
2 7
2 3
2 6
2 5
3 7
3 5
4 7
4 6
4 0
4 3
4 2
5 0
6 5
6 7
7 1
16 16
16 313
6 3
0 1
0 2
0 7
0 5
0 6
1 2
1 3
2 5
4 3
4 1
4 2
4 5
4 6
4 0
5 3
5 7
6 5
6 3
6 7
6 2
7 4
16 16
16 314
5 6
0 1
0 3
0 6
0 7
0 4
1 3
1 7
1 2
2 7
3 4
3 5
3 2
3 7
4 7
4 5
5 6
5 0
5 2
5 7
6 4
6 3
6 2
16 16
16 315
6 0
0 4
1 2
1 3
1 4
1 0
1 6
1 7
2 0
2 6
3 6
4 3
4 6
4 5
4 2
5 2
6 7
7 0
16 16
16 316
5 1
0 2
1 3
1 7
3 6
3 4
4 6
4 5
4 7
4 0
4 1
5 6
5 1
5 7
5 2
5 0
6 0
7 6
7 3
7 2
16 16
16 317
0 4
0 5
0 2
0 6
0 4
0 1
0 7
1 3
1 4
1 5
1 6
2 1
2 7
2 5
2 4
3 0
3 2
3 5
4 3
4 5
6 5
6 7
16 16
16 318
6 0
0 1
0 2
0 5
0 3
1 7
1 2
1 4
1 5
2 4
2 7
2 6
3 5
4 6
4 7
4 0
5 2
5 4
6 5
6 3
6 1
7 5
7 6
16 16
16 319
2 4
0 4
0 3
0 5
0 7
0 1
1 3
1 5
1 4
1 6
2 1
2 0
3 4
5 3
5 4
5 7
5 2
6 4
6 7
6 3
6 5
7 1
16 16
16 320
0 3
1 7
1 3
1 4
2 6
3 0
3 4
3 5
3 2
4 0
4 2
4 6
5 7
6 7
6 0
6 3
6 1
7 2
16 16
16 321
0 1
0 5
1 7
1 2
3 0
3 1
3 4
3 5
3 7
3 6
4 0
4 7
5 7
6 4
6 7
6 1
7 2
16 16
16 322
3 6
1 5
1 6
1 2
2 7
3 1
3 6
4 2
4 7
4 0
4 5
4 3
6 5
7 6
7 0
16 16
16 323
3 0
1 2
1 4
1 0
1 7
1 6
1 5
3 7
3 0
3 4
4 0
5 6
5 3
6 2
7 4
7 0
16 16
16 324
2 6
0 2
1 4
1 3
1 2
3 5
3 4
3 2
3 6
3 7
5 1
5 4
5 0
7 1
7 2
7 4
7 5
16 16
16 325
3 0
0 3
0 1
0 6
0 5
1 7
1 4
1 2
1 5
1 6
2 5
2 7
3 1
4 6
4 2
4 3
4 7
5 4
5 7
5 6
6 7
6 3
16 16
16 326
0 6
0 6
0 2
0 5
1 7
2 1
2 5
2 4
2 6
3 2
6 5
6 1
6 3
6 7
7 4
7 2
16 16
16 327
5 2
0 1
1 4
1 2
1 6
1 7
1 3
3 6
3 4
3 2
3 7
4 6
4 0
5 0
7 4
7 2
7 6
16 16
16 328
5 2
0 4
0 2
0 6
1 3
1 6
1 2
2 5
2 4
4 3
4 7
5 4
5 6
5 0
6 7
7 5
7 0
7 2
16 16
16 329
5 3
1 7
1 0
1 6
1 2
1 5
1 3
3 6
3 2
3 7
3 0
3 5
4 5
4 2
4 3
5 7
5 2
7 6
16 16
16 330
3 6
1 4
1 7
1 2
1 5
2 7
3 1
3 6
3 7
3 5
3 2
3 4
4 2
4 5
4 6
4 0
6 1
6 0
6 7
7 0
16 16
16 331
5 4
0 2
1 4
1 6
1 0
1 7
1 3
2 3
2 1
2 6
4 3
4 0
5 3
5 6
5 0
5 7
5 1
5 4
6 7
6 0
7 2
7 0
16 16
16 332
2 0
0 5
0 6
0 3
0 4
0 2
1 3
1 2
1 0
1 7
1 5
1 4
2 4
3 2
3 5
3 6
4 5
4 6
5 7
5 2
6 7
6 1
6 5
16 16
16 333
0 6
0 1
1 3
1 4
1 2
1 6
1 5
2 0
2 6
2 7
2 5
3 0
3 7
3 2
3 4
5 0
6 5
6 7
7 4
16 16
16 334
6 0
0 3
1 4
2 7
2 6
3 7
3 5
3 2
3 6
3 1
4 2
5 7
6 5
6 1
6 7
6 0
7 0
7 4
16 16
16 335
2 4
0 3
0 6
1 4
1 2
2 6
2 7
4 0
4 7
4 2
5 1
5 3
5 4
5 6
5 2
5 0
6 4
6 3
7 1
7 5
7 0
16 16
16 336
4 3
0 3
0 1
1 2
1 6
1 5
1 7
2 4
2 0
2 7
2 3
2 5
4 5
5 0
5 6
5 7
7 6
7 0
16 16
16 337
4 3
0 2
0 5
0 6
1 2
1 3
1 0
1 4
2 7
2 6
2 4
2 5
3 4
3 5
3 7
4 6
4 0
4 5
5 1
6 1
7 0
7 1
7 4
7 6
16 16
16 338
0 1
0 2
2 1
2 3
2 5
2 7
2 6
3 1
3 4
3 6
4 5
4 0
4 2
6 1
7 6
7 4
7 1
7 3
16 16
16 339
0 2
0 5
0 4
1 6
1 5
1 0
1 4
1 3
2 3
2 7
2 0
2 4
2 6
3 4
3 7
3 6
3 0
5 4
5 7
5 2
6 7
16 16
16 340
3 1
1 2
1 5
1 0
1 7
1 6
1 3
2 4
3 4
6 2
6 4
6 3
6 5
7 3
16 16
16 341
3 0
0 6
0 2
0 3
2 4
2 7
4 3
4 0
4 7
4 1
4 5
5 3
5 6
5 0
5 1
5 2
7 5
16 16
16 342
3 1
0 7
0 6
0 2
0 5
0 4
0 1
2 7
2 4
2 1
3 2
4 6
4 3
4 7
4 5
5 3
5 1
5 7
5 6
7 6
7 3
16 16
16 343
2 6
0 2
0 4
0 6
0 5
0 3
0 7
1 4
2 7
2 1
3 5
3 4
3 6
5 1
5 2
5 6
7 4
7 3
16 16
16 344
0 5
0 4
0 5
0 3
1 3
1 4
1 0
1 6
2 1
2 4
2 7
2 0
3 5
3 7
3 6
4 6
5 6
5 7
6 7
6 0
7 4
7 0
16 16
16 345
4 3
0 7
1 3
1 4
1 6
2 4
2 7
2 3
2 0
2 1
2 6
3 7
4 3
4 6
5 1
5 7
5 6
6 3
6 0
7 4
16 16
16 346
0 3
0 2
0 3
0 1
0 7
0 5
0 6
1 4
2 1
2 4
2 6
3 1
3 2
4 7
4 5
4 3
6 5
6 7
7 3
7 5
7 2
16 16
16 347
6 1
0 3
0 7
1 4
1 3
1 6
1 0
2 6
2 7
2 5
2 3
3 4
3 6
4 2
4 5
4 6
4 7
5 1
5 7
7 6
7 3
16 16
16 348
6 2
0 5
0 4
1 3
1 2
2 0
2 5
2 6
2 3
5 4
5 3
5 6
6 4
6 3
7 3
7 5
16 16
16 349
4 5
0 2
0 3
1 2
1 4
1 5
2 6
3 5
3 7
3 4
6 7
6 5
6 4
7 1
7 2
16 16
16 350
6 4
0 5
0 4
0 2
0 3
0 1
1 2
2 4
2 6
2 3
3 4
3 5
3 1
3 6
4 7
4 5
6 0
6 5
6 1
6 4
7 6
16 16
16 351
4 0
0 7
0 2
0 3
0 1
0 4
0 6
2 3
2 5
2 7
2 6
2 4
3 5
4 7
4 3
4 5
5 0
6 1
16 16
16 352
0 5
0 7
0 4
0 3
0 2
0 6
0 5
1 4
1 7
1 5
2 4
2 6
2 5
2 3
3 6
3 1
3 5
3 4
4 5
6 4
7 5
16 16
16 353
2 5
0 6
0 2
0 1
2 7
2 1
3 6
3 2
3 4
4 5
4 7
4 0
4 1
5 3
5 2
5 6
6 1
6 7
16 16
16 354
4 5
0 7
0 6
0 2
1 2
1 6
1 0
1 3
1 4
1 5
2 3
2 7
2 5
4 5
6 5
6 2
6 7
7 5
16 16
16 355
2 6
1 7
1 2
1 4
1 6
3 1
3 7
5 1
5 7
5 3
6 3
6 5
6 4
6 0
7 0
7 2
16 16
16 356
5 6
0 3
0 6
0 2
1 5
1 3
3 5
3 6
3 4
3 7
4 0
4 6
4 2
6 2
6 7
7 4
7 0
7 5
7 2
16 16
16 357
0 5
1 6
1 4
2 5
2 0
2 7
2 1
2 6
2 3
3 5
3 1
3 0
3 4
3 7
4 6
4 5
4 2
5 7
5 0
5 1
6 3
6 0
6 5
7 4
7 6
16 16
16 358
6 5
1 2
2 0
2 6
2 3
2 4
3 7
3 0
4 5
4 7
4 3
4 1
4 0
5 6
5 0
6 1
7 0
16 16
16 359
3 2
1 3
1 4
1 2
1 6
1 0
2 3
2 4
2 0
3 0
3 4
3 5
4 0
4 6
4 7
5 4
5 0
5 6
5 2
5 1
6 0
6 3
6 2
7 3
7 6
7 5
16 16
16 360
1 2
1 3
2 0
2 6
2 3
2 1
2 7
2 4
3 6
3 4
3 7
3 0
4 5
6 0
6 4
6 5
6 7
7 1
16 16
16 361
3 6
0 4
0 6
0 3
0 1
0 7
0 2
1 7
1 3
3 7
3 5
4 7
4 5
4 3
5 6
5 1
6 3
7 5
7 2
16 16
16 362
2 6
0 1
0 6
0 5
0 2
0 7
0 3
1 5
1 6
1 7
1 3
1 2
2 5
2 6
2 3
2 4
3 4
4 7
4 6
4 5
7 3
16 16
16 363
1 3
0 4
0 7
0 6
0 2
0 3
0 1
1 4
2 5
3 6
3 1
3 5
3 2
3 7
4 2
4 3
4 6
5 0
5 4
5 6
6 2
6 7
7 1
16 16
16 364
0 5
0 2
0 4
0 6
0 7
0 5
3 7
3 6
3 0
3 2
4 3
4 7
5 2
6 2
6 5
6 1
16 16
16 365
2 6
0 5
0 1
0 6
1 6
1 3
2 5
2 7
2 0
2 1
4 3
4 7
4 0
4 2
4 6
4 1
5 7
5 6
7 1
16 16
16 366
0 5
0 6
0 3
0 5
0 1
0 2
0 4
1 5
1 4
2 5
3 7
3 5
4 6
4 2
6 2
6 7
7 0
7 4
16 16
16 367
5 3
0 1
0 3
0 2
0 7
1 4
3 1
3 7
3 6
3 4
6 1
7 2
7 4
16 16
16 368
4 0
0 7
1 0
1 4
2 0
3 1
3 4
4 2
4 6
5 1
6 1
6 0
7 3
7 4
7 1
7 2
7 6
16 16
16 369
6 3
0 1
0 4
1 5
2 3
2 7
2 5
2 4
2 0
2 6
3 7
3 4
5 3
6 4
6 7
6 3
16 16
16 370
0 5
0 4
0 3
0 7
0 1
0 5
0 6
2 5
4 3
4 6
4 1
4 5
4 7
5 7
5 6
6 2
7 1
16 16
16 371
3 4
0 1
0 2
0 5
0 6
0 4
0 3
2 3
3 6
3 5
3 7
4 7
4 6
4 5
5 2
6 2
6 1
6 5
7 6
7 5
7 0
7 2
16 16
16 372
0 1
0 7
0 3
0 2
0 1
1 5
1 4
2 5
2 7
2 6
2 1
2 4
3 5
3 2
3 6
4 7
5 0
5 6
5 7
6 4
6 1
6 7
16 16
16 373
3 5
0 5
1 0
1 6
1 7
2 4
3 2
3 0
3 5
3 1
3 7
3 4
4 5
4 7
4 1
5 1
5 2
6 3
7 0
7 5
7 2
16 16
16 374
0 1
0 1
0 2
1 7
1 6
1 2
1 3
1 5
3 2
3 4
3 5
3 7
3 0
4 6
4 0
4 7
5 7
6 3
6 2
7 6
16 16
16 375
5 6
1 5
1 4
1 2
1 0
1 3
1 6
2 7
2 3
2 0
3 7
3 0
3 6
4 5
4 0
4 3
4 6
4 2
5 0
5 2
5 7
5 6
6 7
7 4
7 1
16 16
16 376
1 4
0 3
0 1
0 6
0 7
0 4
2 3
2 4
2 5
2 7
2 0
5 3
5 1
5 0
6 4
6 5
6 2
6 3
6 1
16 16
16 377
5 1
0 1
0 6
0 4
0 2
0 5
0 3
1 3
2 3
2 4
2 7
4 5
4 3
4 7
4 1
5 3
5 7
6 4
6 1
7 0
7 1
7 3
16 16
16 378
6 5
0 1
0 3
1 5
1 2
1 4
1 7
1 6
2 5
2 7
3 2
3 1
3 7
3 5
3 6
4 3
4 5
4 2
4 0
4 6
5 0
6 5
6 0
7 5
16 16
16 379
0 6
0 5
0 1
0 6
1 4
1 2
1 3
1 7
1 5
3 2
3 0
3 4
3 5
4 0
4 2
4 7
5 6
6 1
6 4
6 2
6 3
16 16
16 380
5 3
0 7
0 3
1 3
2 5
2 0
2 3
2 4
2 1
3 4
4 1
5 1
5 0
6 2
7 3
7 4
7 2
7 6
16 16
16 381
6 0
0 2
0 1
0 4
0 3
0 7
1 4
2 4
2 5
2 1
2 6
3 4
3 6
3 1
3 5
4 5
5 7
5 0
6 1
6 7
6 4
7 3
7 1
16 16
16 382
0 5
0 4
1 6
1 3
1 5
1 0
1 7
1 2
2 7
2 0
2 3
2 6
2 5
4 6
4 3
4 7
4 5
4 1
5 3
5 0
5 7
6 0
7 0
7 6
16 16
16 383
5 2
0 6
0 7
0 3
0 5
2 1
2 0
3 1
3 5
3 6
3 4
3 7
4 6
4 2
4 7
4 1
5 1
5 6
5 7
5 2
6 1
7 2
7 6
16 16
16 384
4 2
0 1
0 2
0 7
0 6
0 5
1 6
1 3
1 7
3 2
3 4
3 6
3 0
3 5
4 6
4 1
4 7
5 6
7 6
7 2
7 5
16 16
16 385
0 1
0 2
0 4
0 1
1 5
2 5
2 7
3 2
3 6
4 7
4 3
4 5
4 2
4 1
5 3
6 0
6 4
6 2
6 1
6 7
7 0
7 1
16 16
16 386
3 4
1 5
1 7
1 0
1 3
1 6
4 3
4 1
4 2
4 7
4 6
4 5
6 0
7 5
7 0
16 16
16 387
5 3
1 5
1 2
1 0
1 6
1 7
1 3
2 0
2 5
2 4
2 6
3 4
3 2
3 7
3 5
3 0
4 5
4 7
4 1
4 0
6 3
16 16
16 388
0 1
0 6
1 5
1 6
2 4
2 7
2 0
2 6
2 5
2 1
3 2
3 5
4 7
4 6
4 0
4 5
4 1
5 7
6 7
6 3
7 1
7 0
16 16
16 389
4 3
0 3
1 5
2 5
2 7
2 3
2 6
2 4
2 1
3 4
3 7
4 1
4 0
5 0
5 4
5 6
5 7
7 0
7 6
7 1
16 16
16 390
0 5
0 5
2 6
2 0
4 7
4 1
5 1
5 4
6 3
6 5
7 0
7 6
7 3
7 2
16 16
16 391
2 0
0 6
0 1
0 4
0 7
1 3
1 2
1 6
2 0
2 3
2 5
2 7
4 7
4 5
4 3
4 6
4 2
5 3
5 1
5 6
5 0
6 2
6 3
7 5
7 1
16 16
16 392
6 5
0 1
0 6
0 2
1 2
1 4
1 3
1 7
3 5
5 6
5 1
5 0
7 3
7 6
7 4
7 0
16 16
16 393
2 3
0 1
0 6
1 2
1 6
3 7
3 4
3 0
3 1
3 5
3 2
4 1
5 1
5 7
5 2
5 6
5 0
7 6
16 16
16 394
2 6
0 5
1 2
1 5
1 6
1 7
1 3
2 0
2 7
3 6
4 1
4 7
4 6
4 2
5 4
5 3
5 6
5 7
6 0
7 0
16 16
16 395
4 0
0 1
0 2
0 3
0 5
0 6
1 7
2 1
2 7
2 3
2 6
3 5
3 1
3 4
3 6
5 1
6 7
6 5
7 3
7 4
16 16
16 396
1 0
1 6
2 4
2 7
2 0
2 6
3 0
3 7
4 7
4 5
4 0
4 1
5 2
6 7
6 4
16 16
16 397
1 0
1 7
3 2
4 3
4 1
4 5
5 3
5 2
5 6
5 7
5 1
6 0
6 3
6 1
6 7
7 0
16 16
16 398
1 3
0 3
0 7
0 4
0 6
1 5
1 4
1 2
3 1
4 6
4 7
4 3
4 2
5 3
5 2
5 7
5 6
5 4
7 3
16 16
16 399
4 5
1 2
1 5
2 3
2 4
2 0
2 7
3 6
4 6
5 7
5 2
6 5
6 0
6 2
7 3
16 16
16 400
1 6
0 6
0 1
0 7
0 3
0 5
1 7
1 3
1 6
1 4
2 1
3 5
3 7
3 4
3 6
4 5
4 6
4 7
5 1
7 5
7 2
16 16
16 401
0 5
0 3
0 4
1 4
1 0
1 6
1 5
1 2
2 5
2 3
3 7
3 6
3 5
4 5
4 6
6 0
7 5
7 6
7 2
16 16
16 402
2 5
0 5
0 6
0 3
0 7
0 1
1 4
1 5
3 7
4 5
4 6
4 3
4 2
5 6
5 7
6 1
6 3
7 1
7 6
7 2
16 16
16 403
5 2
0 3
0 4
0 5
0 7
1 3
1 6
1 7
1 0
2 6
4 2
4 3
4 1
4 6
5 4
5 1
5 6
6 0
6 3
7 5
7 2
16 16
16 404
6 4
1 2
1 4
2 6
2 0
2 5
2 3
2 4
3 0
3 1
3 5
5 4
5 0
5 1
5 7
6 0
6 5
16 16
16 405
1 2
0 3
1 3
1 0
1 5
1 6
1 4
1 7
3 4
3 2
3 7
3 5
4 0
5 4
5 7
5 6
6 3
6 2
6 0
6 7
16 16
16 406
4 3
0 6
0 5
0 3
1 7
1 6
3 4
3 2
3 6
3 5
4 5
4 7
4 1
4 6
5 6
5 2
5 1
7 3
7 2
7 0
16 16
16 407
4 0
0 2
0 1
0 5
0 3
0 4
0 6
2 1
2 6
3 6
4 3
4 6
4 1
5 3
5 6
7 2
7 6
7 0
16 16
16 408
0 5
0 6
0 3
0 7
0 5
0 2
2 7
2 3
3 4
3 7
3 1
3 6
4 0
4 6
4 7
4 2
6 2
6 1
6 5
16 16
16 409
5 3
1 7
1 6
2 4
2 0
2 1
2 7
2 3
4 3
4 5
5 2
5 3
5 0
5 7
6 4
6 0
6 3
16 16
16 410
4 3
0 1
1 4
1 5
1 6
2 5
2 1
2 7
2 0
4 2
4 5
4 3
4 7
6 5
6 7
6 0
6 3
6 4
7 0
7 3
16 16
16 411
1 2
0 7
1 6
1 7
1 5
1 2
1 3
2 7
2 3
3 4
4 6
4 7
4 0
5 4
5 0
6 2
7 5
16 16
16 412
1 4
0 2
0 5
0 3
0 1
4 0
4 6
4 7
4 1
4 3
5 1
5 3
6 5
16 16
16 413
2 4
0 1
1 4
1 7
1 5
1 6
1 3
2 1
4 2
4 6
4 0
5 2
5 3
6 7
7 3
16 16
16 414
3 4
0 4
0 1
0 5
0 6
1 2
1 7
1 6
1 3
1 5
2 5
2 0
2 7
2 3
2 6
3 0
3 4
5 6
5 7
6 4
6 3
7 6
7 3
7 0
16 16
16 415
6 4
0 3
0 4
0 7
0 6
0 2
1 0
1 6
1 5
1 3
1 2
2 3
3 4
3 5
4 5
4 6
7 6
16 16
16 416
4 3
0 7
0 1
0 2
0 3
0 4
0 6
1 7
1 5
1 4
1 3
2 1
2 3
2 4
2 5
2 7
5 4
5 3
6 5
6 2
7 6
16 16
16 417
3 1
1 0
2 0
3 0
3 2
3 1
4 3
4 5
4 0
4 1
4 7
5 2
5 7
5 0
5 6
6 3
7 1
7 6
7 0
7 3
16 16
16 418
6 3
1 5
2 1
2 3
2 0
4 5
4 1
4 3
4 7
5 6
5 3
6 3
6 7
6 2
6 4
6 0
16 16
16 419
1 2
0 5
0 1
0 7
0 4
1 2
1 5
1 7
1 3
1 6
4 3
4 1
4 6
4 7
5 6
5 4
5 7
5 3
16 16
16 420
4 5
0 3
0 2
0 7
0 6
0 4
1 3
2 4
2 7
2 6
4 6
4 1
4 3
4 7
5 4
5 1
5 6
5 0
5 3
5 7
6 1
6 3
16 16
16 421
1 4
0 3
0 5
1 3
1 2
1 5
1 6
2 3
2 5
2 0
2 4
2 6
5 7
5 4
5 6
6 0
6 4
6 3
7 0
7 4
7 1
7 2
7 6
16 16
16 422
2 1
0 7
0 1
0 3
0 2
0 6
0 4
2 3
2 4
2 5
2 6
3 6
3 5
3 1
4 3
4 5
6 4
7 6
7 1
7 4
7 5
16 16
16 423
4 6
0 3
0 4
0 1
1 7
1 6
1 4
1 5
1 3
2 1
2 7
3 7
3 6
3 2
3 5
4 3
5 4
6 2
6 4
6 0
16 16
16 424
1 3
0 7
0 6
0 2
0 1
0 3
1 5
1 4
1 2
1 7
2 7
2 6
2 5
3 2
3 4
3 1
3 5
4 0
4 5
6 1
6 4
6 3
7 5
7 6
7 4
16 16
16 425
5 6
0 7
1 6
1 4
1 2
2 3
3 7
3 4
3 5
3 0
4 0
5 2
5 0
6 5
6 7
7 4
7 2
7 1
16 16
16 426
3 4
0 7
0 6
0 2
0 3
0 5
1 6
1 0
1 3
1 5
1 2
1 7
2 7
2 3
3 7
4 7
5 3
5 2
5 7
5 6
6 3
6 2
16 16
16 427
4 6
1 7
1 3
2 0
2 5
2 7
2 3
2 4
2 1
4 5
4 7
4 6
4 1
4 0
5 3
5 0
5 1
5 7
6 5
6 2
6 0
6 1
16 16
16 428
0 3
0 3
0 1
0 2
0 4
0 6
1 3
2 6
2 1
2 7
3 5
3 2
3 7
5 0
5 7
6 5
16 16
16 429
2 5
0 3
0 2
0 6
0 1
0 4
1 2
3 1
3 5
4 5
4 7
4 6
5 0
5 7
7 2
7 6
16 16
16 430
0 2
0 7
0 4
1 7
2 3
3 4
4 1
4 6
4 7
7 2
7 5
7 3
16 16
16 431
2 6
1 0
1 3
1 7
2 0
2 1
2 7
3 4
4 1
4 7
4 5
4 0
5 3
6 2
6 4
6 1
6 7
6 5
6 3
7 0
16 16
16 432
5 4
0 7
0 3
0 5
0 1
1 5
1 2
2 6
4 0
4 5
4 2
4 1
4 7
5 7
5 6
7 1
7 6
7 3
16 16
16 433
2 4
0 5
0 2
1 0
1 4
1 7
1 6
1 2
2 3
3 7
3 4
4 2
5 4
5 6
5 7
5 3
7 4
16 16
16 434
0 3
0 4
1 4
1 2
1 3
1 7
1 6
1 5
2 6
2 0
2 5
2 4
3 6
3 4
3 7
5 3
6 4
6 5
6 7
7 5
7 0
16 16
16 435
5 6
0 5
0 4
0 6
1 4
1 3
2 5
2 7
2 1
3 6
3 2
3 0
3 4
4 7
5 4
5 6
5 7
5 3
6 2
6 1
7 3
7 1
7 6
16 16
16 436
6 1
0 5
0 6
0 7
0 4
1 5
1 2
1 7
2 6
2 0
3 2
3 1
3 7
3 4
3 0
4 7
5 7
5 2
6 1
6 3
6 4
7 6
16 16
16 437
2 1
0 2
1 3
1 2
1 4
1 7
1 0
1 5
2 5
3 4
4 0
4 2
5 0
5 6
5 3
6 7
6 4
6 0
16 16
16 438
1 2
1 6
1 5
2 1
2 5
2 0
2 3
2 6
3 4
3 1
3 5
3 6
3 0
4 2
4 1
6 5
6 0
6 4
7 1
7 2
16 16
16 439
5 2
0 3
1 0
1 4
1 2
1 7
1 5
1 6
2 3
3 5
3 7
3 1
3 4
6 2
6 7
7 5
16 16
16 440
4 2
0 7
0 4
1 6
1 3
1 4
1 0
2 0
2 1
2 7
2 6
2 5
3 4
3 5
3 6
4 7
4 6
5 1
5 4
5 0
7 5
7 6
7 1
16 16
16 441
1 5
0 5
0 7
0 1
0 2
0 6
0 3
1 4
1 2
2 5
3 5
3 2
3 7
3 4
4 6
4 7
4 5
4 0
16 16
16 442
2 0
0 7
0 3
0 4
1 5
3 6
4 5
4 6
5 6
5 7
5 0
6 2
7 6
16 16
16 443
0 1
1 6
2 3
2 1
2 4
2 0
2 6
3 0
3 5
3 1
3 7
3 4
4 6
5 0
5 4
6 7
7 5
16 16
16 444
6 1
0 2
0 1
1 3
1 5
3 6
3 4
3 7
3 2
3 5
4 6
4 1
5 4
5 0
5 7
5 6
7 2
16 16
16 445
3 5
0 7
0 1
0 4
0 5
0 2
0 6
1 5
1 4
1 2
1 3
1 7
2 4
3 5
3 6
3 4
5 6
5 2
6 4
6 7
6 2
7 5
7 4
16 16
16 446
4 5
1 7
1 2
1 5
1 3
1 4
1 6
2 4
3 0
3 5
3 2
5 0
5 4
16 16
16 447
1 4
0 4
0 3
0 5
0 7
0 1
1 5
1 6
1 2
1 7
1 3
2 3
2 4
2 5
4 7
4 3
4 5
5 3
6 0
6 4
6 5
6 3
6 7
16 16
16 448
6 1
0 6
1 5
1 7
1 0
1 4
2 0
2 1
2 3
4 3
4 5
4 0
4 7
6 2
6 3
7 3
16 16
16 449
2 6
0 3
0 4
0 5
1 0
1 7
1 5
2 6
2 3
3 7
3 6
4 2
4 3
4 5
5 3
5 6
6 0
6 7
6 1
7 2
7 5
7 0
16 16
16 450
4 6
0 6
0 1
0 3
0 7
0 4
0 5
1 5
1 4
1 3
1 6
1 2
2 0
2 6
2 4
2 7
3 2
3 7
5 2
6 4
6 5
6 7
16 16
16 451
4 6
0 3
0 7
1 7
1 3
1 5
1 2
2 7
3 2
4 1
4 7
4 0
4 6
5 0
5 2
5 7
5 6
5 4
6 0
6 2
16 16
16 452
5 2
1 5
2 4
2 7
2 6
2 0
2 5
2 3
4 1
4 6
5 0
5 3
5 7
5 4
6 1
7 4
7 1
7 3
7 0
16 16
16 453
0 1
0 4
0 6
0 1
0 5
0 7
0 2
2 7
2 3
3 6
3 5
3 7
4 3
4 5
4 6
4 2
5 2
6 7
16 16
16 454
2 6
0 3
0 4
0 2
0 7
1 2
1 5
1 0
1 4
1 6
2 7
3 1
3 2
3 6
3 7
3 4
5 7
7 1
7 6
16 16
16 455
5 0
0 2
0 7
0 6
2 5
2 3
2 1
3 4
3 0
3 1
3 6
3 7
4 2
5 0
5 3
5 7
5 6
6 7
6 1
16 16
16 456
4 3
0 6
0 3
1 6
2 1
4 1
4 2
4 7
4 0
4 5
5 6
5 0
5 2
5 7
5 1
7 3
7 6
7 0
16 16
16 457
3 4
0 1
0 3
2 1
2 5
2 4
2 0
3 1
3 7
3 4
4 1
4 5
4 0
6 7
16 16
16 458
3 0
0 3
1 5
1 2
2 6
2 3
2 5
3 5
3 4
3 6
6 4
6 5
6 0
6 7
16 16
16 459
6 4
0 2
0 4
0 3
2 7
2 3
3 7
3 4
4 7
4 6
4 5
4 1
5 6
5 0
6 1
6 0
6 2
7 0
7 6
16 16
16 460
0 4
1 4
1 0
1 7
1 2
1 3
2 5
2 7
2 0
2 6
2 4
3 5
3 6
4 3
4 0
5 1
5 0
5 6
5 4
6 0
16 16
16 461
4 3
0 6
1 0
1 2
1 5
2 4
2 5
2 0
2 7
3 6
3 5
4 6
4 3
6 1
6 2
7 4
7 5
7 1
7 3
16 16
16 462
1 6
0 4
0 5
0 6
0 1
1 6
1 7
1 4
2 0
2 7
2 5
3 1
3 7
3 4
3 5
3 2
4 5
6 4
7 4
7 6
7 0
16 16
16 463
5 6
0 2
0 7
0 5
0 1
0 4
1 7
1 5
1 6
1 2
2 3
2 7
2 6
3 5
3 4
3 1
4 5
5 2
6 0
6 7
7 5
16 16
16 464
2 1
1 3
1 2
1 6
1 5
2 4
2 0
2 7
2 3
2 6
3 5
3 4
4 5
4 7
4 6
5 7
5 0
5 6
6 0
7 3
7 1
16 16
16 465
3 4
0 7
0 4
0 2
0 1
0 5
1 6
1 4
1 2
1 3
3 4
3 0
3 2
3 6
3 5
5 7
5 6
6 4
6 0
7 1
7 6
16 16
16 466
4 3
0 1
0 5
0 6
1 2
1 5
2 6
2 4
2 0
2 3
3 1
3 4
3 5
4 7
4 1
4 5
4 6
6 5
6 3
6 1
7 0
7 1
7 2
16 16
16 467
2 4
0 7
0 5
0 2
1 2
1 3
1 6
2 4
2 6
2 7
4 5
5 6
5 1
7 6
7 1
7 3
7 5
16 16
16 468
4 5
0 2
1 7
2 5
2 6
3 4
3 0
4 0
5 6
5 7
5 0
5 3
6 4
6 1
6 3
6 0
7 2
16 16
16 469
3 0
0 3
1 3
1 2
1 6
1 0
2 3
2 5
2 4
3 4
5 1
5 6
5 3
5 7
6 0
6 7
7 1
7 3
7 4
16 16
16 470
5 1
2 0
2 7
2 5
2 6
2 3
3 6
3 5
3 1
4 1
4 0
4 5
4 2
5 0
6 4
6 7
6 1
6 5
7 4
16 16
16 471
3 5
0 3
0 1
0 4
0 2
0 7
1 7
2 6
2 5
4 2
4 5
4 6
5 3
5 7
6 5
6 7
6 1
6 0
7 4
16 16
16 472
0 6
0 7
0 6
0 2
0 3
0 4
0 5
1 7
1 6
1 5
1 4
1 0
3 2
3 1
3 7
4 3
4 5
5 7
6 7
6 3
16 16
16 473
4 0
0 5
0 1
0 2
1 6
1 5
2 3
2 5
2 4
2 1
2 6
3 0
3 5
4 1
4 5
4 7
6 5
6 0
7 1
7 6
7 2
7 3
16 16
16 474
6 3
0 4
0 7
0 2
0 3
1 6
1 5
1 3
1 4
2 7
2 5
2 4
2 1
2 3
3 5
4 7
4 6
4 3
5 7
5 6
6 0
16 16
16 475
2 0
0 6
0 7
0 3
0 1
2 7
2 5
3 1
3 4
3 5
5 1
5 4
5 7
7 3
7 4
16 16
16 476
6 3
0 1
0 3
0 4
0 7
0 6
0 5
2 1
2 7
2 5
3 1
4 5
5 6
6 1
16 16
16 477
5 3
0 1
0 7
0 5
0 6
0 3
2 1
2 0
3 6
3 4
3 5
4 7
4 5
5 6
5 2
6 7
7 2
16 16
16 478
2 1
0 2
1 0
1 2
1 7
2 4
2 7
2 5
2 6
3 0
3 1
3 6
4 3
5 6
5 3
5 7
16 16
16 479
2 1
0 7
2 4
2 0
2 5
3 1
3 0
3 2
3 6
3 4
4 6
4 5
4 1
4 0
5 6
5 3
5 0
6 1
6 0
6 7
7 2
7 5
16 16
16 480
6 1
1 6
1 2
2 5
2 0
2 6
2 4
4 5
4 0
5 6
6 4
6 7
7 5
16 16
16 481
5 1
0 7
0 6
0 5
0 3
0 1
1 6
1 3
2 4
3 4
5 6
7 6
16 16
16 482
0 1
1 2
1 3
1 0
1 7
2 4
3 0
4 7
4 3
5 6
5 7
5 2
6 7
6 0
7 0
16 16
16 483
6 4
0 3
0 4
0 6
1 3
1 0
1 2
2 0
3 6
3 4
4 5
4 1
6 2
6 4
6 1
6 7
16 16
16 484
1 3
1 2
1 3
1 4
1 0
1 5
2 3
2 6
2 7
2 0
2 4
3 6
3 4
3 5
3 0
4 0
4 5
5 2
5 6
6 1
7 6
7 5
16 16
16 485
0 6
1 6
1 3
1 0
1 7
2 6
3 4
3 2
3 5
3 0
4 1
4 5
4 2
4 6
4 7
5 7
5 1
5 0
6 5
6 7
16 16
16 486
6 1
0 7
0 4
0 5
0 6
0 1
0 2
1 4
3 4
3 6
3 7
4 2
4 7
4 6
5 2
5 3
5 4
6 1
6 7
7 1
16 16
16 487
1 2
1 5
1 3
1 4
1 6
1 7
1 2
2 3
2 5
2 4
2 6
4 7
4 6
5 0
5 4
5 7
6 5
7 6
16 16
16 488
5 3
2 1
2 3
2 4
2 0
3 0
3 6
4 3
4 6
4 1
5 1
5 3
5 0
5 7
5 4
5 2
6 7
6 0
7 3
7 1
16 16
16 489
6 2
1 2
2 6
4 0
6 0
6 7
6 1
6 3
6 5
7 5
7 1
7 0
16 16
16 490
5 6
0 5
0 1
0 2
0 4
0 6
1 7
2 6
3 0
4 2
5 1
6 1
6 3
6 7
7 0
7 3
7 4
16 16
16 491
6 2
0 7
0 4
0 5
0 2
0 6
0 3
1 0
4 2
4 1
4 3
4 7
5 2
5 1
6 2
6 7
6 5
7 1
16 16
16 492
4 6
0 5
0 2
0 3
0 4
0 1
0 7
1 5
1 7
1 4
2 4
2 6
2 3
2 5
2 1
3 7
3 6
3 4
3 5
6 5
6 4
7 4
16 16
16 493
0 5
0 4
0 5
0 3
1 4
1 7
1 5
1 3
1 0
2 0
2 3
4 7
5 2
5 3
5 6
6 1
6 3
6 7
6 0
6 4
7 3
7 5
16 16
16 494
4 5
0 6
0 7
0 2
0 5
0 3
0 4
1 7
1 2
1 5
2 4
2 7
2 5
3 4
3 5
4 5
4 6
6 5
7 6
7 3
7 5
16 16
16 495
4 0
0 5
1 0
1 6
1 2
1 7
1 4
1 5
2 3
2 7
2 6
3 4
5 4
5 2
5 6
5 7
6 7
6 0
6 4
7 3
7 4
16 16
16 496
5 2
0 4
0 2
0 1
0 7
0 5
1 3
1 7
2 5
2 1
2 6
3 7
4 2
5 4
6 1
6 0
16 16
16 497
1 0
1 2
1 4
1 5
1 7
1 0
2 6
2 0
2 7
2 4
3 0
3 5
3 7
3 1
3 4
3 2
4 7
4 0
4 6
5 7
5 2
5 4
5 6
6 7
6 0
16 16
16 498
2 0
0 6
0 7
0 4
0 2
0 1
1 3
1 5
2 4
2 5
2 3
3 5
3 4
3 7
3 6
4 6
4 1
6 5
7 4
7 1
7 2
16 16
16 499
2 1
0 6
1 3
1 7
1 6
2 3
2 1
3 4
3 7
3 6
4 7
4 0
5 2
5 7
5 6
5 4
5 1
6 7
16 16
